id	ref_action_id	hypo_action_id	type
0	2	1	full
1	0	3	full
2	6	7	full
3	8	9	partial
4	10	11	full
5	12	13	partial
6	17	14	full
7	18	15	full
8	19	16	partial
9	23	20	full
10	24	21	full
11	25	22	partial
12	27	28	partial
13	32	33	full
14	30	31	full
15	35	37	full
16	36	34	full
17	38	40	full
18	39	41	full
19	42	43	full
20	46	49	full
21	47	48	full
22	50	51	full
23	53	52	full
24	55	54	full
25	57	59	full
26	58	56	full
27	63	64	partial
28	65	66	full
29	67	69	full
30	68	70	full
31	72	71	full
32	75	73	partial
33	77	76	partial
34	78	79	full
35	83	85	full
36	86	87	full
37	89	88	full
38	90	91	full
39	92	94	full
40	93	95	full
41	98	99	full
42	96	97	full
43	103	102	full
44	105	109	full
45	107	108	full
46	110	111	partial
47	113	112	undefined
48	118	119	full
49	123	126	partial
50	125	124	full
51	127	129	full
52	128	130	full
53	136	137	full
54	131	132	partial
55	138	139	full
56	140	141	full
57	144	145	full
58	146	147	full
59	148	149	full
60	164	161	partial
61	165	162	full
62	155	163	full
63	158	157	full
64	159	156	partial
65	168	166	full
66	174	172	full
67	175	176	full
68	170	171	partial
69	179	180	partial
70	182	183	full
71	193	194	partial
72	204	201	full
73	195	202	full
74	198	197	full
75	200	203	partial
76	206	207	full
77	208	209	full
78	211	213	partial
79	212	210	full
80	219	220	full
81	222	223	partial
82	224	227	full
83	225	226	full
84	228	231	full
85	230	229	full
86	238	235	partial
87	240	234	full
88	232	236	full
89	233	237	full
90	242	244	partial
91	243	241	partial
92	245	246	partial
93	247	248	full
94	251	252	full
95	253	254	full
96	256	257	full
97	263	260	full
98	266	261	full
99	258	264	full
100	259	262	full
101	269	270	partial
102	272	273	full
103	278	277	full
104	275	279	full
105	285	282	full
106	280	286	full
107	287	288	full
108	293	294	full
109	296	306	partial
110	298	303	full
111	299	297	partial
112	315	311	partial
113	317	312	full
114	309	314	full
115	310	313	full
116	318	319	full
117	320	321	full
118	322	323	full
119	324	325	full
120	328	329	full
121	330	332	full
122	331	333	partial
123	335	337	full
124	336	338	partial
125	339	341	full
126	340	342	partial
127	343	344	partial
128	346	345	full
129	349	347	full
130	351	353	partial
131	352	350	full
132	356	359	partial
133	357	354	full
134	358	355	full
135	362	365	partial
136	363	360	full
137	364	361	full
138	366	369	full
139	368	367	full
140	380	374	full
141	383	384	full
142	386	389	full
143	388	387	full
144	390	393	full
145	392	391	full
146	401	398	full
147	402	405	partial
148	403	404	full
149	412	407	partial
150	411	408	full
151	413	409	full
152	417	420	full
153	426	425	full
154	429	427	full
155	430	431	partial
156	432	433	full
157	437	440	full
158	439	438	full
159	443	444	full
160	445	446	full
161	450	453	partial
162	452	451	full
163	458	461	partial
164	459	456	full
165	460	457	full
166	463	462	full
167	466	464	full
168	469	473	full
169	474	475	full
170	476	477	full
171	482	480	full
172	483	484	partial
173	478	481	partial
174	485	486	full
175	487	488	full
176	492	489	partial
177	493	490	full
178	495	496	full
179	502	500	full
180	505	501	full
181	507	508	full
182	510	511	full
183	512	513	full
184	515	516	full
185	518	519	partial
186	522	520	full
187	524	523	full
188	528	530	full
189	533	534	full
190	536	538	partial
191	537	535	full
192	539	540	full
193	546	548	full
194	547	544	partial
195	542	543	partial
196	552	549	full
197	553	550	full
198	554	551	full
199	555	558	partial
200	557	556	full
201	563	564	full
202	565	567	full
203	570	571	full
204	580	581	partial
205	582	583	full
206	584	585	full
207	592	588	partial
208	586	587	full
209	593	594	full
210	598	596	full
211	600	599	full
212	603	601	full
213	605	604	full
214	615	612	full
215	616	613	full
216	617	614	full
217	618	620	full
218	627	629	full
219	626	623	full
220	628	624	partial
221	622	625	partial
222	630	633	partial
223	632	631	partial
224	638	636	full
225	639	637	full
226	635	634	full
227	642	643	full
228	645	647	full
229	646	648	full
230	657	656	partial
231	659	660	partial
232	680	682	full
233	681	679	full
234	689	687	full
235	690	685	full
236	683	686	partial
237	694	697	full
238	695	696	partial
239	698	700	full
240	699	701	full
241	704	707	full
242	705	706	partial
243	709	711	full
244	710	708	full
245	727	729	full
246	728	730	full
247	736	732	full
248	737	734	full
249	731	733	full
250	740	738	full
251	751	749	full
252	753	750	full
253	755	754	full
254	757	759	full
255	758	760	full
256	762	763	full
257	765	768	full
258	766	767	partial
259	771	772	full
260	780	777	full
261	782	779	full
262	817	815	full
263	818	813	full
264	811	814	full
265	819	820	full
266	821	822	full
267	830	831	partial
268	839	838	full
269	844	841	full
270	845	843	full
271	846	842	partial
272	848	849	full
273	853	855	full
274	857	858	full
275	859	860	full
276	861	863	full
277	867	864	full
278	868	866	full
279	869	865	partial
280	870	871	full
281	875	876	partial
282	880	881	full
283	882	883	full
284	884	886	full
285	887	885	full
286	896	893	full
287	897	894	partial
288	899	900	full
289	906	907	partial
290	914	912	partial
291	915	917	full
292	916	913	partial
293	919	918	full
294	923	924	full
295	925	928	full
296	927	926	full
297	929	931	full
298	937	938	full
299	934	936	partial
300	941	944	full
301	948	949	full
302	950	952	full
303	953	955	partial
304	954	956	full
305	964	966	partial
306	967	965	partial
307	972	973	partial
308	975	971	full
309	984	982	full
310	987	988	partial
311	991	993	partial
312	998	996	full
313	999	1000	full
314	1004	1005	partial
315	1007	1003	partial
316	1008	1009	partial
317	1015	1014	full
318	1016	1018	full
319	1019	1020	full
320	1021	1023	partial
321	1025	1027	full
322	1028	1029	full
323	1031	1033	full
324	1035	1036	partial
325	1039	1040	partial
326	1044	1047	undefined
327	1050	1052	partial
328	1054	1051	partial
329	1058	1060	full
330	1065	1068	full
331	1073	1071	full
332	1074	1075	full
333	1077	1078	full
334	1083	1086	full
335	1089	1087	full
336	1096	1097	partial
337	1101	1102	partial
338	1108	1106	full
339	1109	1105	partial
340	1114	1115	full
341	1121	1124	full
342	1131	1129	full
343	1133	1130	partial
344	1143	1146	full
345	1144	1141	full
346	1145	1142	partial
347	1139	1140	full
348	1150	1147	full
349	1152	1148	full
350	1153	1154	full
351	1155	1156	partial
352	1157	1158	full
353	1164	1165	partial
354	1171	1172	partial
355	1179	1180	full
356	1181	1184	full
357	1185	1186	partial
358	1187	1189	full
359	1193	1194	partial
360	1201	1203	full
361	1205	1206	full
362	1216	1217	partial
363	1218	1219	full
364	1222	1220	full
365	1225	1226	full
366	1232	1233	full
367	1234	1235	full
368	1250	1251	full
369	1262	1263	full
370	1266	1264	full
371	1277	1272	full
372	1282	1281	full
373	1284	1285	full
374	1294	1295	full
375	1300	1299	full
376	1304	1305	full
377	1307	1308	full
378	1312	1311	full
379	1313	1314	full
380	1319	1318	full
381	1321	1322	full
382	1325	1329	full
383	1332	1336	full
384	1337	1338	full
385	1342	1341	full
386	1343	1344	full
387	1349	1348	partial
388	1346	1347	partial
389	1356	1355	full
390	1358	1359	full
391	1365	1363	partial
392	1360	1361	partial
393	1368	1369	full
394	1377	1372	full
395	1371	1375	partial
396	1389	1390	full
397	1391	1392	partial
398	1395	1396	full
399	1400	1397	partial
400	1413	1414	full
401	1417	1415	full
402	1432	1433	full
403	1438	1439	full
404	1443	1441	full
405	1460	1461	full
406	1465	1466	full
407	1471	1470	full
408	1472	1473	full
409	1477	1478	full
410	1483	1484	full
411	1485	1486	full
412	1493	1494	full
413	1509	1506	full
414	1515	1512	full
415	1518	1519	partial
416	1522	1523	partial
417	1529	1530	partial
418	1541	1542	full
419	1545	1546	partial
420	1547	1548	full
421	1553	1552	partial
422	1557	1558	full
423	1560	1561	full
424	1564	1562	full
425	1579	1580	full
426	1582	1581	full
427	1584	1583	full
428	1598	1597	full
429	1603	1602	null
430	1606	1605	full
431	1608	1607	full
432	1612	1613	partial
433	1615	1616	full
434	1619	1620	full
435	1621	1622	full
436	1636	1637	full
437	1648	1644	full
438	1651	1647	full
439	1655	1652	full
440	1663	1664	full
441	1665	1666	full
442	1673	1669	full
443	1674	1671	partial
444	1681	1677	full
445	1692	1688	full
446	1695	1691	full
447	1704	1706	full
448	1705	1707	full
449	1709	1710	full
450	1724	1725	partial
451	1736	1737	partial
452	1742	1743	full
453	1756	1757	full
454	1758	1759	partial
455	1761	1760	full
456	1763	1762	full
457	1765	1764	full
458	1767	1766	full
459	1775	1774	full
460	1780	1779	full
461	1787	1784	full
462	1788	1785	full
463	1789	1786	full
464	1794	1791	full
465	1795	1792	full
466	1796	1793	full
467	1797	1798	full
468	1804	1803	full
469	1806	1805	partial
470	1809	1807	full
471	1816	1814	full
472	1822	1823	partial
473	1826	1828	full
474	1849	1851	full
475	1850	1848	full
476	1854	1856	full
477	1858	1860	full
478	1859	1857	full
479	1863	1864	partial
480	1869	1872	full
481	1877	1878	full
482	1881	1882	full
483	1891	1893	full
484	1892	1890	full
485	1894	1898	full
486	1904	1905	partial
487	1916	1918	full
488	1917	1915	full
489	1926	1923	full
490	1938	1942	partial
491	1953	1950	full
492	1955	1956	partial
493	1963	1962	full
494	1968	1969	full
495	1975	1976	full
496	1977	1978	full
497	1981	1982	full
498	1985	1988	full
499	1990	1992	full
500	1995	1996	partial
501	1999	2000	full
502	2004	2005	full
503	2006	2010	full
504	2007	2009	partial
505	2014	2015	full
506	2021	2018	full
507	2025	2023	partial
508	2027	2028	partial
509	2031	2032	partial
510	2034	2035	full
511	2036	2037	full
512	2038	2039	full
513	2041	2044	full
514	2042	2043	full
515	2049	2046	full
516	2050	2047	full
517	2053	2051	full
518	2066	2067	partial
519	2068	2069	full
520	2070	2073	full
521	2077	2078	full
522	2079	2080	full
523	2093	2090	full
524	2094	2091	full
525	2095	2096	full
526	2097	2098	full
527	2099	2102	full
528	2103	2104	full
529	2112	2110	full
530	2116	2118	full
531	2125	2126	full
532	2130	2127	partial
533	2131	2128	full
534	2141	2139	full
535	2142	2140	full
536	2144	2145	full
537	2148	2146	full
538	2151	2152	full
539	2153	2154	partial
540	2155	2156	full
541	2159	2160	full
542	2162	2163	full
543	2165	2166	full
544	2174	2176	full
545	2175	2173	full
546	2183	2184	full
547	2186	2185	full
548	2187	2188	full
549	2192	2193	full
550	2223	2220	partial
551	2224	2221	full
552	2234	2236	full
553	2241	2242	partial
554	2243	2245	full
555	2248	2249	partial
556	2251	2250	partial
557	2252	2253	full
558	2260	2261	full
559	2262	2258	full
560	2254	2259	full
561	2256	2257	full
562	2270	2266	full
563	2271	2267	full
564	2272	2269	partial
565	2265	2268	partial
566	2280	2281	partial
567	2282	2278	partial
568	2283	2279	partial
569	2276	2277	full
570	2288	2285	full
571	2289	2286	full
572	2290	2287	full
573	2291	2292	full
574	2293	2294	partial
575	2295	2296	partial
576	2297	2298	partial
577	2303	2302	full
578	2310	2307	full
579	2308	2305	partial
580	2318	2319	partial
581	2320	2322	partial
582	2323	2321	partial
583	2324	2327	full
584	2332	2329	full
585	2330	2326	partial
586	2334	2335	partial
587	2339	2337	full
588	2341	2338	partial
589	2349	2347	full
590	2351	2348	partial
591	2361	2359	full
592	2363	2358	full
593	2356	2360	partial
594	2369	2365	partial
595	2370	2366	full
596	2371	2368	full
597	2364	2367	full
598	2372	2373	full
599	2385	2386	full
600	2387	2382	partial
601	2388	2383	partial
602	2380	2381	full
603	2399	2396	full
604	2394	2397	partial
605	2400	2393	full
606	2398	2395	full
607	2401	2402	partial
608	2403	2404	partial
609	2411	2408	partial
610	2412	2409	full
611	2413	2410	full
612	2414	2419	full
613	2422	2418	full
614	2420	2417	partial
615	2427	2425	full
616	2429	2426	partial
617	2433	2430	full
618	2434	2431	full
619	2435	2432	full
620	2443	2441	partial
621	2444	2438	full
622	2442	2437	full
623	2446	2447	full
624	2451	2452	partial
625	2455	2457	partial
626	2458	2456	full
627	2462	2463	full
628	2466	2467	full
629	2473	2475	full
630	2468	2469	partial
631	2474	2471	full
632	2472	2470	full
633	2485	2482	partial
634	2486	2487	full
635	2483	2481	partial
636	2488	2489	full
637	2491	2490	full
638	2496	2493	partial
639	2497	2495	full
640	2498	2499	full
641	2509	2513	partial
642	2511	2507	partial
643	2516	2514	partial
644	2523	2520	full
645	2524	2518	full
646	2521	2519	partial
647	2527	2528	full
648	2530	2531	full
649	2549	2545	partial
650	2541	2547	full
651	2542	2543	partial
652	2550	2551	full
653	2552	2553	full
654	2555	2556	full
655	2562	2563	full
656	2567	2570	full
657	2569	2568	partial
658	2572	2574	partial
659	2573	2571	partial
660	2583	2577	partial
661	2575	2579	full
662	2576	2580	full
663	2584	2586	partial
664	2587	2588	partial
665	2590	2589	full
666	2595	2592	partial
667	2597	2598	full
668	2605	2604	full
669	2607	2603	partial
670	2600	2599	full
671	2601	2602	full
672	2613	2614	full
673	2619	2616	partial
674	2620	2618	full
675	2627	2622	full
676	2625	2623	full
677	2628	2629	full
678	2635	2634	full
679	2642	2644	partial
680	2645	2640	partial
681	2657	2653	partial
682	2650	2649	full
683	2651	2652	full
684	2658	2659	full
685	2660	2661	full
686	2666	2663	partial
687	2667	2665	partial
688	2662	2664	partial
689	2679	2675	full
690	2677	2676	full
691	2680	2682	partial
692	2686	2685	full
693	2688	2687	full
694	2689	2691	full
695	2693	2695	full
696	2694	2692	full
697	2699	2698	partial
698	2700	2697	full
699	2701	2696	partial
700	2707	2704	partial
701	2708	2706	partial
702	2703	2705	partial
703	2721	2723	partial
704	2722	2720	full
705	2724	2718	partial
706	2732	2730	full
707	2734	2728	full
708	2731	2729	partial
709	2735	2738	full
710	2737	2736	partial
711	2747	2744	full
712	2748	2745	partial
713	2749	2746	full
714	2751	2753	full
715	2752	2750	partial
716	2754	2758	partial
717	2759	2757	full
718	2761	2764	full
719	2765	2763	full
720	2766	2762	full
721	2771	2769	full
722	2772	2768	partial
723	2778	2775	partial
724	2779	2777	full
725	2774	2776	partial
726	2785	2788	full
727	2787	2786	full
728	2792	2795	full
729	2794	2793	partial
730	2799	2801	partial
731	2809	2806	full
732	2810	2807	partial
733	2812	2814	partial
734	2815	2818	partial
735	2817	2816	full
736	2826	2824	partial
737	2819	2820	partial
738	2825	2823	full
739	2828	2827	partial
740	2829	2830	partial
741	2835	2832	full
742	2836	2833	full
743	2837	2834	full
744	2839	2838	full
745	2842	2840	full
746	2843	2841	full
747	2845	2849	full
748	2846	2847	full
749	2850	2853	partial
750	2856	2858	partial
751	2859	2861	partial
752	2863	2865	full
753	2864	2862	full
754	2872	2870	partial
755	2871	2869	full
756	2873	2875	full
757	2882	2878	full
758	2883	2876	full
759	2881	2880	full
760	2887	2884	full
761	2888	2885	partial
762	2890	2892	full
763	2893	2894	full
764	2895	2896	full
765	2899	2900	partial
766	2901	2902	partial
767	2904	2905	partial
768	2906	2907	partial
769	2908	2909	partial
770	2911	2913	full
771	2912	2910	full
772	2914	2917	full
773	2916	2915	full
774	2920	2923	partial
775	2921	2918	full
776	2922	2919	partial
777	2926	2929	partial
778	2927	2924	full
779	2928	2925	full
780	2930	2933	full
781	2932	2931	full
782	2943	2938	partial
783	2946	2947	partial
784	2949	2951	partial
785	2952	2955	full
786	2954	2953	full
787	2962	2958	partial
788	2963	2956	full
789	2964	2967	full
790	2965	2966	full
791	2972	2969	full
792	2974	2970	full
793	2978	2980	full
794	2986	2988	full
795	2987	2985	full
796	2989	2990	partial
797	2991	2992	full
798	2996	2999	full
799	2998	2997	full
800	3001	3002	full
801	3003	3004	full
802	3007	3010	full
803	3009	3008	full
804	3015	3018	partial
805	3016	3013	full
806	3017	3014	full
807	3020	3022	full
808	3021	3019	full
809	3026	3028	full
810	3031	3030	full
811	3029	3032	full
812	3035	3036	full
813	3037	3038	full
814	3039	3040	full
815	3041	3042	full
816	3044	3043	full
817	3046	3045	full
818	3048	3047	full
819	3050	3049	full
820	3052	3053	full
821	3060	3061	full
822	3062	3059	full
823	3064	3066	full
824	3065	3063	full
825	3067	3068	full
826	3071	3072	full
827	3073	3074	full
828	3076	3078	full
829	3075	3077	full
830	3079	3080	full
831	3084	3085	partial
832	3086	3087	partial
833	3090	3092	full
834	3091	3089	full
835	3094	3093	full
836	3096	3095	full
837	3099	3097	partial
838	3098	3100	full
839	3107	3108	full
840	3110	3109	full
841	3113	3114	full
842	3121	3120	full
843	3124	3123	full
844	3126	3127	full
845	3128	3129	full
846	3130	3131	full
847	3137	3136	full
848	3143	3141	partial
849	3142	3144	full
850	3146	3148	full
851	3147	3145	full
852	3149	3152	full
853	3150	3151	full
854	3153	3154	full
855	3163	3158	full
856	3155	3160	full
857	3157	3161	full
858	3162	3159	full
859	3164	3156	full
860	3165	3167	full
861	3176	3171	full
862	3177	3170	full
863	3178	3174	full
864	3175	3172	full
865	3179	3182	full
866	3181	3180	full
867	3183	3184	full
868	3185	3186	partial
869	3187	3188	partial
870	3189	3190	partial
871	3199	3196	partial
872	3198	3197	partial
873	3200	3194	full
874	3201	3195	full
875	3207	3208	partial
876	3209	3211	partial
877	3217	3215	full
878	3212	3213	full
879	3218	3216	full
880	3219	3214	full
881	3220	3221	partial
882	3225	3222	partial
883	3224	3227	partial
884	3226	3223	full
885	3234	3231	partial
886	3233	3236	partial
887	3235	3232	full
888	3241	3240	full
889	3244	3246	partial
890	3247	3248	full
891	3260	3255	full
892	3252	3257	full
893	3254	3258	full
894	3259	3256	full
895	3261	3253	full
896	3267	3264	partial
897	3268	3265	full
898	3266	3263	full
899	3269	3270	partial
900	3271	3272	partial
901	3276	3279	full
902	3278	3277	full
903	3285	3283	full
904	3280	3281	full
905	3286	3284	full
906	3287	3282	full
907	3291	3288	partial
908	3290	3293	partial
909	3292	3289	full
910	3294	3297	full
911	3296	3295	full
912	3303	3300	partial
913	3304	3301	full
914	3302	3299	partial
915	3307	3306	full
916	3305	3308	partial
917	3312	3311	partial
918	3310	3313	partial
919	3315	3318	full
920	3316	3317	full
921	3319	3320	full
922	3323	3322	partial
923	3321	3324	partial
924	3326	3327	full
925	3332	3329	full
926	3333	3330	full
927	3331	3328	full
928	3342	3339	partial
929	3343	3341	partial
930	3338	3340	full
931	3349	3351	full
932	3353	3352	partial
933	3354	3356	full
934	3359	3360	full
935	3365	3363	full
936	3370	3367	full
937	3371	3369	full
938	3372	3368	partial
939	3377	3374	partial
940	3378	3376	full
941	3373	3375	full
942	3388	3385	full
943	3389	3387	undefined
944	3392	3393	full
945	3395	3394	full
946	3399	3396	full
947	3397	3398	full
948	3404	3406	full
949	3405	3403	full
950	3408	3410	full
951	3409	3407	partial
952	3415	3411	full
953	3414	3413	full
954	3418	3419	full
955	3424	3422	full
956	3425	3423	full
957	3430	3427	undefined
958	3426	3428	partial
959	3436	3437	full
960	3443	3440	full
961	3441	3442	full
962	3446	3448	full
963	3451	3453	full
964	3452	3454	full
965	3455	3456	partial
966	3460	3459	full
967	3457	3458	full
968	3465	3461	full
969	3464	3462	full
970	3468	3470	partial
971	3469	3467	full
972	3472	3474	full
973	3473	3471	full
974	3476	3475	full
975	3479	3481	full
976	3482	3484	full
977	3487	3488	partial
978	3489	3491	full
979	3493	3495	full
980	3494	3492	full
981	3500	3496	full
982	3499	3498	full
983	3501	3497	full
984	3502	3504	full
985	3505	3508	partial
986	3509	3506	full
987	3511	3513	full
988	3512	3510	full
989	3514	3516	full
990	3517	3518	full
991	3519	3520	full
992	3524	3521	full
993	3525	3523	full
994	3527	3528	full
995	3529	3530	full
996	3533	3535	partial
997	3531	3532	full
998	3536	3537	full
999	3544	3540	partial
1000	3545	3541	full
1001	3549	3550	full
1002	3552	3553	full
1003	3554	3555	full
1004	3557	3558	full
1005	3563	3566	full
1006	3564	3562	full
1007	3570	3571	full
1008	3574	3575	full
1009	3577	3576	full
1010	3578	3579	full
1011	3580	3581	full
1012	3584	3586	partial
1013	3590	3591	full
1014	3589	3588	full
1015	3593	3592	full
1016	3594	3595	full
1017	3599	3600	full
1018	3602	3603	full
1019	3606	3607	full
1020	3616	3617	partial
1021	3618	3619	full
1022	3620	3621	full
1023	3626	3622	full
1024	3627	3623	full
1025	3628	3624	full
1026	3629	3630	full
1027	3633	3636	full
1028	3634	3632	partial
1029	3637	3641	full
1030	3639	3638	full
1031	3649	3650	full
1032	3648	3647	full
1033	3652	3653	full
1034	3657	3654	full
1035	3658	3656	full
1036	3659	3655	full
1037	3661	3660	full
1038	3662	3663	full
1039	3668	3664	full
1040	3669	3665	full
1041	3670	3666	full
1042	3671	3667	full
1043	3672	3673	full
1044	3675	3677	full
1045	3676	3678	full
1046	3684	3681	full
1047	3685	3683	full
1048	3687	3691	full
1049	3696	3693	full
1050	3699	3700	full
1051	3701	3702	full
1052	3710	3708	partial
1053	3706	3707	partial
1054	3718	3720	full
1055	3719	3717	full
1056	3726	3722	full
1057	3727	3725	full
1058	3728	3723	full
1059	3721	3724	full
1060	3729	3732	full
1061	3735	3737	full
1062	3736	3738	full
1063	3739	3741	full
1064	3740	3742	full
1065	3743	3746	full
1066	3744	3745	full
1067	3747	3749	full
1068	3748	3750	full
1069	3751	3754	full
1070	3752	3753	full
1071	3770	3767	partial
1072	3771	3766	partial
1073	3765	3768	full
1074	3772	3774	full
1075	3773	3775	full
1076	3781	3777	full
1077	3782	3779	full
1078	3783	3780	full
1079	3776	3778	full
1080	3784	3787	full
1081	3785	3786	full
1082	3788	3789	full
1083	3791	3793	full
1084	3800	3796	partial
1085	3801	3799	full
1086	3802	3797	full
1087	3803	3805	full
1088	3806	3808	full
1089	3807	3809	full
1090	3810	3813	full
1091	3811	3812	full
1092	3814	3816	full
1093	3815	3817	full
1094	3820	3821	full
1095	3826	3824	full
1096	3832	3828	full
1097	3833	3830	full
1098	3834	3829	full
1099	3840	3837	full
1100	3841	3839	full
1101	3842	3836	full
1102	3849	3846	full
1103	3851	3845	partial
1104	3843	3850	partial
1105	3866	3862	full
1106	3868	3870	full
1107	3876	3872	full
1108	3877	3875	full
1109	3878	3873	full
1110	3871	3874	full
1111	3879	3880	full
1112	3881	3883	full
1113	3884	3882	full
1114	3885	3886	undefined
1115	3887	3888	partial
1116	3892	3893	full
1117	3894	3895	partial
1118	3896	3898	partial
1119	3900	3899	full
1120	3903	3906	full
1121	3904	3901	full
1122	3905	3902	full
1123	3910	3907	full
1124	3911	3909	full
1125	3912	3908	full
1126	3915	3918	full
1127	3916	3913	full
1128	3917	3914	full
1129	3921	3923	full
1130	3925	3926	full
1131	3927	3928	full
1132	3929	3931	full
1133	3935	3932	full
1134	3936	3934	full
1135	3937	3933	full
1136	3938	3939	full
1137	3943	3944	full
1138	3948	3949	full
1139	3950	3951	full
1140	3955	3952	full
1141	3956	3954	full
1142	3957	3953	full
1143	3959	3960	partial
1144	3967	3965	full
1145	3968	3966	full
1146	3963	3962	full
1147	3970	3971	full
1148	3973	3974	partial
1149	3977	3978	full
1150	3988	3987	full
1151	3989	3986	full
1152	3984	3990	full
1153	3991	3993	full
1154	3996	3997	full
1155	4000	4003	full
1156	4001	3998	full
1157	4002	3999	full
1158	4004	4006	full
1159	4007	4009	full
1160	4011	4010	full
1161	4016	4013	full
1162	4017	4014	full
1163	4012	4015	full
1164	4025	4021	full
1165	4026	4024	partial
1166	4027	4023	full
1167	4020	4022	full
1168	4029	4028	full
1169	4031	4030	full
1170	4032	4035	full
1171	4034	4033	partial
1172	4036	4039	full
1173	4037	4040	full
1174	4044	4045	full
1175	4047	4046	full
1176	4055	4053	partial
1177	4064	4066	full
1178	4065	4062	full
1179	4076	4073	full
1180	4077	4074	full
1181	4071	4072	full
1182	4082	4083	full
1183	4084	4085	full
1184	4089	4086	full
1185	4090	4087	partial
1186	4098	4096	full
1187	4099	4094	full
1188	4092	4093	full
1189	4100	4102	full
1190	4101	4103	full
1191	4110	4109	full
1192	4106	4108	full
1193	4112	4113	full
1194	4115	4114	full
1195	4117	4116	partial
1196	4119	4118	full
1197	4120	4121	full
1198	4122	4126	full
1199	4123	4124	full
1200	4127	4129	full
1201	4130	4133	full
1202	4131	4134	full
1203	4135	4137	full
1204	4138	4140	full
1205	4139	4141	full
1206	4142	4144	full
1207	4145	4146	full
1208	4149	4150	full
1209	4154	4153	full
1210	4156	4155	full
1211	4166	4162	partial
1212	4167	4164	partial
1213	4168	4163	full
1214	4161	4165	full
1215	4175	4173	full
1216	4169	4172	full
1217	4182	4185	full
1218	4184	4183	full
1219	4186	4187	full
1220	4192	4189	full
1221	4193	4190	full
1222	4194	4191	full
1223	4201	4196	full
1224	4195	4197	full
1225	4203	4202	full
1226	4204	4205	full
1227	4207	4208	full
1228	4209	4210	full
1229	4213	4216	full
1230	4215	4214	full
1231	4217	4219	full
1232	4218	4220	full
1233	4222	4221	partial
1234	4227	4228	full
1235	4232	4233	full
1236	4238	4235	full
1237	4239	4237	full
1238	4240	4236	full
1239	4241	4244	full
1240	4243	4242	full
1241	4245	4246	full
1242	4251	4252	full
1243	4253	4256	full
1244	4255	4254	full
1245	4263	4262	full
1246	4265	4261	full
1247	4276	4272	full
1248	4277	4275	full
1249	4278	4273	full
1250	4271	4274	full
1251	4280	4281	full
1252	4282	4283	full
1253	4284	4285	full
1254	4286	4287	full
1255	4289	4290	full
1256	4291	4294	full
1257	4296	4299	full
1258	4297	4298	full
1259	4303	4306	full
1260	4304	4305	full
1261	4310	4311	full
1262	4312	4313	full
1263	4315	4317	full
1264	4316	4314	full
1265	4318	4319	full
1266	4321	4324	full
1267	4325	4326	full
1268	4328	4329	full
1269	4330	4333	partial
1270	4332	4331	full
1271	4335	4337	full
1272	4336	4338	full
1273	4340	4341	full
1274	4344	4347	full
1275	4346	4345	partial
1276	4348	4349	full
1277	4351	4352	full
1278	4353	4354	full
1279	4355	4357	full
1280	4356	4358	full
1281	4359	4362	partial
1282	4361	4360	full
1283	4367	4368	full
1284	4369	4370	full
1285	4377	4379	full
1286	4378	4376	full
1287	4380	4382	full
1288	4383	4385	full
1289	4388	4390	partial
1290	4389	4387	full
1291	4398	4396	full
1292	4400	4397	full
1293	4403	4404	full
1294	4406	4407	full
1295	4417	4412	full
1296	4418	4415	full
1297	4419	4414	full
1298	4420	4422	full
1299	4426	4428	full
1300	4427	4423	full
1301	4429	4431	full
1302	4433	4432	full
1303	4434	4435	full
1304	4438	4440	partial
1305	4439	4437	full
1306	4446	4443	full
1307	4449	4450	full
1308	4452	4453	full
1309	4455	4456	partial
1310	4461	4462	full
1311	4460	4459	full
1312	4464	4465	full
1313	4469	4471	full
1314	4470	4466	full
1315	4472	4473	full
1316	4476	4474	partial
1317	4478	4477	full
1318	4480	4483	full
1319	4481	4479	full
1320	4486	4484	partial
1321	4488	4487	full
1322	4489	4490	full
1323	4495	4493	full
1324	4494	4497	full
1325	4503	4502	full
1326	4499	4498	full
1327	4501	4500	full
1328	4506	4508	full
1329	4512	4514	full
1330	4513	4509	full
1331	4521	4519	full
1332	4522	4517	full
1333	4523	4515	full
1334	4518	4520	full
1335	4524	4525	full
1336	4526	4527	partial
1337	4535	4532	full
1338	4536	4529	full
1339	4528	4533	full
1340	4537	4534	partial
1341	4530	4531	full
1342	4544	4545	full
1343	4548	4549	full
1344	4550	4551	full
1345	4554	4555	full
1346	4558	4561	full
1347	4559	4556	full
1348	4560	4557	full
1349	4562	4563	partial
1350	4564	4565	full
1351	4568	4571	full
1352	4569	4566	full
1353	4570	4567	full
1354	4572	4573	full
1355	4575	4577	full
1356	4576	4574	full
1357	4584	4586	full
1358	4588	4589	full
1359	4591	4592	full
1360	4597	4598	full
1361	4601	4603	full
1362	4602	4600	full
1363	4605	4606	partial
1364	4607	4608	partial
1365	4609	4611	full
1366	4613	4615	full
1367	4619	4620	full
1368	4623	4622	full
1369	4625	4626	full
1370	4628	4627	full
1371	4630	4629	full
1372	4631	4632	full
1373	4634	4633	full
1374	4636	4637	full
1375	4640	4639	full
1376	4642	4643	full
1377	4645	4646	full
1378	4649	4652	full
1379	4650	4647	full
1380	4651	4648	full
1381	4653	4654	full
1382	4655	4657	full
1383	4659	4660	partial
1384	4662	4663	partial
1385	4665	4667	full
1386	4669	4668	full
1387	4670	4671	partial
1388	4674	4673	full
1389	4675	4676	full
1390	4678	4679	full
1391	4680	4681	partial
1392	4682	4683	full
1393	4689	4690	full
1394	4697	4693	full
1395	4698	4695	full
1396	4692	4696	full
1397	4702	4705	full
1398	4704	4703	full
1399	4707	4708	full
1400	4709	4710	full
1401	4712	4713	full
1402	4719	4720	undefined
1403	4725	4727	full
1404	4726	4724	full
1405	4729	4731	partial
1406	4734	4735	full
1407	4740	4738	partial
1408	4742	4743	full
1409	4744	4745	full
1410	4747	4746	full
1411	4749	4748	full
1412	4751	4752	full
1413	4753	4754	full
1414	4761	4760	full
1415	4764	4763	full
1416	4766	4765	full
1417	4768	4769	full
1418	4774	4773	full
1419	4776	4775	full
1420	4780	4781	full
1421	4782	4785	partial
1422	4784	4783	full
1423	4787	4788	full
1424	4790	4789	full
1425	4791	4792	full
1426	4796	4797	full
1427	4801	4798	full
1428	4802	4799	full
1429	4803	4800	full
1430	4805	4807	full
1431	4808	4809	full
1432	4811	4810	partial
1433	4813	4814	full
1434	4819	4815	partial
1435	4820	4818	full
1436	4827	4823	full
1437	4828	4824	full
1438	4829	4825	full
1439	4830	4826	full
1440	4832	4834	full
1441	4833	4831	full
1442	4836	4835	full
1443	4837	4838	full
1444	4843	4839	full
1445	4846	4842	full
1446	4848	4847	partial
1447	4849	4850	full
1448	4851	4852	full
1449	4858	4854	full
1450	4859	4856	full
1451	4870	4867	full
1452	4871	4868	full
1453	4872	4869	full
1454	4873	4874	full
1455	4879	4878	full
1456	4880	4877	full
1457	4881	4875	full
1458	4883	4884	full
1459	4888	4889	full
1460	4891	4890	full
1461	4892	4893	full
1462	4897	4894	full
1463	4898	4896	full
1464	4899	4895	full
1465	4900	4902	full
1466	4906	4903	full
1467	4907	4905	full
1468	4908	4904	full
1469	4913	4915	full
1470	4914	4912	full
1471	4916	4918	full
1472	4925	4921	full
1473	4927	4923	full
1474	4928	4924	full
1475	4937	4933	full
1476	4938	4936	full
1477	4940	4942	full
1478	4941	4939	full
1479	4943	4944	full
1480	4945	4947	full
1481	4946	4948	full
1482	4949	4950	full
1483	4953	4954	full
1484	4955	4956	full
1485	4957	4959	full
1486	4960	4962	full
1487	4963	4964	full
1488	4965	4966	full
1489	4974	4971	full
1490	4975	4972	full
1491	4976	4973	full
1492	4977	4978	full
1493	4982	4984	full
1494	4983	4981	full
1495	4985	4986	full
1496	4989	4991	full
1497	4993	4995	full
1498	4994	4992	partial
1499	4999	5000	full
1500	5003	5006	full
1501	5004	5005	full
1502	5007	5010	full
1503	5008	5009	full
1504	5012	5013	full
1505	5016	5020	full
1506	5018	5017	full
1507	5021	5025	full
1508	5023	5022	full
1509	5031	5029	full
1510	5032	5028	full
1511	5033	5030	full
1512	5038	5036	full
1513	5039	5035	full
1514	5040	5037	full
1515	5041	5042	full
1516	5043	5045	full
1517	5044	5046	full
1518	5048	5050	full
1519	5049	5047	full
1520	5051	5054	full
1521	5052	5053	full
1522	5058	5060	full
1523	5059	5061	full
1524	5064	5063	full
1525	5065	5067	full
1526	5066	5062	full
1527	5070	5073	full
1528	5072	5071	full
1529	5074	5076	full
1530	5077	5080	full
1531	5079	5078	full
1532	5084	5081	full
1533	5086	5083	full
1534	5095	5092	partial
1535	5096	5093	full
1536	5098	5099	partial
1537	5100	5103	full
1538	5102	5101	full
1539	5105	5108	full
1540	5107	5106	full
1541	5109	5112	full
1542	5110	5111	full
1543	5113	5114	partial
1544	5115	5116	full
1545	5117	5118	full
1546	5119	5120	full
1547	5122	5121	partial
1548	5125	5124	full
1549	5126	5129	full
1550	5128	5127	full
1551	5130	5133	full
1552	5132	5131	full
1553	5135	5136	full
1554	5142	5144	full
1555	5143	5145	full
1556	5149	5146	partial
1557	5150	5148	full
1558	5151	5147	full
1559	5152	5153	full
1560	5154	5155	full
1561	5156	5157	full
1562	5165	5167	full
1563	5174	5173	partial
1564	5175	5171	partial
1565	5176	5172	full
1566	5186	5183	full
1567	5187	5184	full
1568	5188	5185	full
1569	5192	5191	partial
1570	5193	5189	full
1571	5194	5190	full
1572	5201	5198	full
1573	5202	5200	partial
1574	5203	5199	full
1575	5206	5207	full
1576	5212	5208	full
1577	5213	5209	partial
1578	5214	5210	full
1579	5215	5216	full
1580	5217	5220	full
1581	5221	5219	full
1582	5222	5225	full
1583	5224	5223	full
1584	5226	5228	full
1585	5227	5229	full
1586	5230	5231	partial
1587	5233	5232	partial
1588	5235	5236	full
1589	5237	5238	full
1590	5239	5240	partial
1591	5242	5243	full
1592	5244	5245	partial
1593	5247	5249	full
1594	5250	5248	partial
1595	5256	5251	full
1596	5258	5259	full
1597	5266	5267	full
1598	5271	5272	full
1599	5280	5281	full
1600	5274	5277	full
1601	5282	5283	full
1602	5289	5286	full
1603	5290	5287	partial
1604	5297	5291	full
1605	5299	5292	full
1606	5300	5301	full
1607	5307	5304	partial
1608	5308	5310	partial
1609	5303	5306	full
1610	5311	5312	full
1611	5313	5314	full
1612	5315	5316	full
1613	5319	5321	full
1614	5320	5318	full
1615	5325	5322	partial
1616	5326	5323	full
1617	5327	5324	full
1618	5334	5328	full
1619	5335	5332	partial
1620	5336	5329	full
1621	5346	5349	full
1622	5350	5351	full
1623	5352	5353	full
1624	5354	5356	full
1625	5357	5355	partial
1626	5358	5359	partial
1627	5362	5363	full
1628	5364	5365	full
1629	5373	5374	full
1630	5378	5375	partial
1631	5379	5376	full
1632	5380	5377	full
1633	5381	5382	full
1634	5383	5384	full
1635	5385	5387	full
1636	5388	5386	partial
1637	5389	5390	full
1638	5394	5395	partial
1639	5399	5396	full
1640	5400	5398	full
1641	5401	5397	full
1642	5402	5404	full
1643	5406	5410	full
1644	5412	5414	full
1645	5418	5415	full
1646	5420	5417	full
1647	5423	5422	partial
1648	5430	5427	full
1649	5431	5428	full
1650	5425	5426	full
1651	5432	5433	full
1652	5434	5438	full
1653	5437	5435	full
1654	5439	5440	full
1655	5441	5442	full
1656	5443	5446	full
1657	5444	5445	full
1658	5447	5448	full
1659	5450	5451	full
1660	5453	5454	full
1661	5456	5457	full
1662	5458	5459	partial
1663	5462	5464	full
1664	5463	5461	full
1665	5465	5469	full
1666	5467	5466	full
1667	5470	5471	full
1668	5473	5472	full
1669	5474	5477	full
1670	5478	5479	full
1671	5481	5480	partial
1672	5484	5487	full
1673	5488	5489	full
1674	5495	5493	full
1675	5496	5497	full
1676	5505	5506	full
1677	5507	5509	full
1678	5508	5510	full
1679	5513	5511	full
1680	5514	5516	full
1681	5515	5512	full
1682	5522	5519	partial
1683	5523	5518	partial
1684	5517	5521	full
1685	5530	5532	full
1686	5531	5529	full
1687	5536	5537	full
1688	5539	5541	full
1689	5540	5538	full
1690	5542	5543	partial
