id	annotation_id	tokens
0	0	13
1	1	3
2	0	3
3	1	13
4	2	13
5	2	3
6	3	14
7	4	10
8	5	1
9	6	1
10	7	13
11	8	13
12	9	1
13	10	1
14	12	2
15	12	8
16	12	18
17	11	2
18	11	8
19	11	22
20	14	2
21	14	8
22	14	18
23	13	2
24	13	8
25	13	22
26	15	14
27	16	6
28	17	3
29	18	13
30	19	13
31	20	13
32	19	3
33	20	3
34	22	7
35	21	6
36	21	13
37	22	16
38	23	1
39	23	6
40	24	1
41	24	5
42	25	13
43	26	6
44	27	4
45	27	15
46	28	5
47	28	15
48	29	18
49	29	12
50	30	14
51	31	11
52	33	3
53	32	4
54	33	13
55	32	15
56	35	18
57	34	5
58	34	15
59	35	12
60	38	5
61	38	8
62	39	6
63	40	6
64	41	3
65	42	14
66	43	8
67	44	1
68	44	6
69	45	1
70	45	4
71	49	2
72	48	2
73	49	20
74	48	8
75	48	22
76	51	3
77	50	4
78	50	15
79	51	14
80	52	6
81	52	13
82	53	5
83	53	8
84	54	3
85	54	8
86	55	13
87	56	10
88	58	4
89	57	6
90	57	13
91	58	12
92	61	5
93	61	15
94	62	11
95	62	23
96	64	13
97	65	13
98	64	3
99	65	3
100	66	5
101	66	15
102	68	3
103	67	6
104	67	13
105	69	5
106	70	3
107	69	8
108	70	10
109	70	8
110	71	1
111	72	1
112	74	4
113	73	6
114	75	1
115	76	1
116	76	6
117	77	5
118	77	8
119	78	9
120	79	2
121	79	8
122	79	22
123	80	4
124	81	14
125	80	15
126	81	3
127	82	1
128	82	6
129	83	1
130	83	4
131	84	16
132	85	15
133	85	2
134	84	1
135	84	4
136	84	12
137	85	11
138	86	9
139	87	10
140	88	16
141	89	16
142	88	21
143	90	12
144	90	14
145	91	12
146	90	20
147	91	17
148	92	5
149	93	1
150	94	7
151	94	24
152	94	11
153	94	15
154	94	10
155	95	22
156	96	12
157	96	32
158	95	24
159	95	36
160	95	30
161	96	17
162	96	21
163	96	30
164	95	6
165	95	10
166	98	11
167	97	6
168	97	11
169	98	4
170	99	16
171	100	15
172	100	3
173	99	1
174	99	4
175	99	12
176	100	13
177	101	16
178	101	21
179	102	6
180	103	4
181	104	6
182	105	6
183	106	6
184	107	0
185	107	7
186	108	22
187	108	24
188	108	36
189	108	30
190	108	6
191	108	10
192	109	4
193	109	8
194	110	10
195	111	22
196	112	13
197	112	39
198	111	24
199	111	36
200	111	30
201	112	19
202	112	37
203	112	44
204	111	6
205	111	10
206	113	5
207	114	3
208	115	6
209	116	6
210	118	8
211	117	0
212	117	7
213	118	2
214	119	12
215	119	14
216	119	20
217	120	6
218	120	11
219	121	6
220	122	4
221	123	4
222	123	8
223	124	10
224	125	6
225	125	11
226	126	12
227	126	7
228	127	6
229	128	17
230	127	11
231	128	6
232	129	15
233	129	24
234	130	11
235	130	7
236	130	14
237	130	23
238	129	7
239	129	10
240	129	11
241	132	7
242	131	0
243	131	7
244	132	2
245	133	5
246	134	4
247	135	16
248	136	18
249	135	21
250	137	12
251	137	14
252	138	16
253	137	20
254	138	19
255	139	0
256	139	7
257	140	2
258	141	15
259	141	24
260	142	8
261	142	11
262	142	24
263	141	7
264	142	15
265	141	10
266	141	11
267	143	9
268	144	4
269	144	8
270	145	9
271	146	5
272	147	9
273	148	9
274	149	6
275	150	20
276	150	12
277	151	10
278	150	14
279	151	18
280	152	16
281	153	3
282	153	11
283	152	1
284	152	4
285	152	12
286	153	27
287	154	6
288	155	4
289	156	16
290	156	1
291	156	4
292	156	12
293	157	16
294	158	16
295	157	21
296	159	22
297	160	12
298	159	24
299	159	36
300	159	30
301	160	21
302	160	15
303	160	48
304	159	6
305	159	10
306	160	35
307	161	4
308	161	8
309	162	15
310	162	24
311	163	9
312	163	12
313	163	26
314	163	17
315	162	7
316	162	10
317	162	11
318	164	6
319	165	6
320	166	9
321	167	10
322	169	4
323	170	1
324	171	1
325	172	1
326	173	6
327	173	11
328	174	2
329	175	2
330	176	1
331	176	5
332	177	1
333	177	5
334	178	2
335	179	1
336	179	5
337	180	1
338	180	6
339	181	1
340	181	5
341	182	1
342	182	5
343	183	2
344	184	2
345	186	3
346	185	3
347	186	7
348	185	6
349	185	8
350	188	9
351	187	6
352	187	11
353	188	4
354	190	18
355	190	29
356	189	3
357	189	17
358	189	29
359	190	10
360	192	17
361	192	28
362	191	3
363	191	17
364	191	29
365	192	8
366	193	11
367	194	16
368	193	16
369	194	11
370	199	29
371	199	3
372	199	17
373	200	10
374	201	23
375	201	17
376	201	3
377	201	8
378	200	6
379	200	1
380	200	16
381	202	5
382	202	7
383	203	2
384	204	2
385	205	4
386	206	5
387	207	7
388	206	7
389	207	5
390	208	11
391	209	15
392	208	16
393	209	10
394	210	10
395	211	5
396	211	14
397	211	9
398	211	20
399	210	6
400	210	1
401	210	16
402	212	6
403	212	11
404	213	9
405	213	4
406	214	10
407	215	2
408	215	9
409	215	23
410	215	20
411	214	6
412	214	1
413	214	16
414	216	11
415	216	16
416	217	3
417	218	5
418	219	7
419	218	7
420	219	5
421	220	6
422	220	1
423	220	16
424	220	10
425	222	3
426	221	3
427	222	7
428	221	6
429	221	8
430	223	1
431	224	1
432	225	4
433	226	4
434	227	1
435	228	3
436	229	4
437	230	11
438	231	17
439	230	16
440	231	11
441	232	1
442	232	5
443	233	1
444	234	1
445	235	4
446	236	5
447	237	3
448	237	6
449	237	8
450	238	6
451	239	9
452	238	11
453	239	4
454	240	3
455	241	5
456	243	17
457	243	28
458	242	3
459	242	17
460	242	29
461	243	9
462	245	3
463	244	3
464	245	7
465	244	6
466	244	8
467	246	3
468	247	5
469	250	5
470	251	7
471	251	16
472	250	7
473	251	5
474	252	3
475	253	3
476	254	1
477	255	1
478	256	51
479	256	22
480	257	15
481	257	68
482	256	13
483	256	28
484	257	32
485	258	1
486	259	4
487	260	1
488	261	1
489	263	2
490	263	9
491	263	16
492	262	3
493	262	7
494	262	12
495	264	3
496	265	3
497	266	3
498	266	10
499	267	18
500	268	5
501	268	13
502	267	3
503	267	4
504	267	9
505	267	13
506	269	2
507	269	8
508	270	5
509	272	8
510	271	4
511	272	4
512	273	3
513	274	3
514	275	1
515	276	1
516	277	3
517	279	11
518	278	4
519	279	4
520	281	2
521	280	1
522	280	4
523	281	11
524	280	13
525	282	3
526	282	7
527	282	12
528	283	1
529	284	11
530	284	1
531	284	5
532	285	2
533	285	8
534	286	6
535	288	9
536	287	3
537	287	10
538	288	2
539	289	4
540	290	4
541	290	8
542	291	51
543	292	44
544	292	25
545	291	22
546	291	13
547	291	28
548	292	13
549	294	2
550	294	8
551	294	15
552	293	3
553	293	7
554	293	12
555	295	3
556	296	10
557	295	10
558	296	3
559	297	13
560	297	28
561	297	22
562	297	51
563	298	3
564	299	4
565	300	1
566	301	11
567	301	1
568	301	5
569	302	2
570	302	8
571	303	6
572	304	1
573	305	3
574	306	1
575	307	2
576	307	8
577	308	1
578	308	4
579	308	13
580	309	3
581	310	4
582	311	3
583	312	3
584	313	1
585	314	4
586	315	18
587	316	21
588	316	13
589	315	3
590	315	4
591	315	9
592	315	13
593	317	1
594	318	1
595	319	3
596	321	2
597	320	1
598	320	4
599	321	10
600	320	13
601	323	8
602	322	1
603	322	4
604	323	12
605	322	13
606	324	3
607	324	4
608	324	18
609	324	9
610	324	13
611	325	4
612	327	2
613	327	8
614	327	15
615	326	3
616	326	7
617	326	12
618	328	1
619	329	12
620	329	1
621	329	5
622	330	51
623	331	25
624	331	17
625	331	48
626	330	22
627	330	13
628	330	28
629	331	13
630	332	3
631	333	13
632	332	10
633	333	3
634	335	19
635	334	18
636	335	5
637	335	6
638	334	3
639	334	4
640	334	9
641	334	13
642	336	3
643	337	3
644	338	3
645	339	1
646	339	9
647	340	1
648	340	6
649	342	10
650	342	21
651	342	15
652	342	26
653	341	3
654	341	17
655	341	22
656	344	14
657	343	3
658	344	20
659	343	21
660	344	27
661	345	3
662	345	17
663	345	22
664	347	28
665	348	14
666	349	28
667	351	1
668	351	9
669	352	32
670	352	46
671	353	35
672	352	8
673	352	18
674	352	27
675	354	3
676	354	21
677	355	3
678	356	3
679	358	9
680	357	4
681	357	13
682	358	4
683	359	18
684	360	6
685	360	16
686	360	26
687	360	13
688	359	5
689	359	12
690	359	15
691	361	3
692	361	21
693	363	3
694	364	2
695	364	10
696	365	14
697	365	2
698	366	1
699	366	9
700	367	1
701	367	9
702	368	3
703	369	4
704	370	2
705	370	10
706	371	10
707	371	2
708	373	20
709	372	2
710	372	7
711	373	2
712	374	17
713	374	2
714	374	14
715	375	32
716	375	8
717	375	18
718	375	46
719	375	27
720	376	32
721	376	46
722	377	34
723	377	15
724	376	8
725	376	18
726	376	27
727	378	1
728	378	9
729	379	1
730	379	10
731	380	18
732	381	9
733	381	20
734	381	17
735	380	5
736	380	12
737	380	15
738	383	8
739	382	2
740	382	7
741	383	2
742	384	28
743	385	17
744	386	3
745	387	4
746	388	4
747	388	13
748	390	24
749	390	2
750	390	16
751	389	2
752	389	17
753	389	14
754	392	2
755	391	3
756	391	21
757	393	4
758	393	13
759	394	4
760	394	9
761	395	2
762	395	7
763	396	12
764	396	2
765	397	2
766	397	10
767	398	11
768	398	2
769	399	2
770	399	7
771	400	3
772	401	3
773	402	2
774	402	10
775	403	4
776	403	13
777	406	2
778	406	17
779	406	14
780	405	2
781	405	17
782	405	14
783	408	9
784	408	24
785	408	20
786	407	3
787	407	17
788	407	22
789	409	32
790	410	15
791	410	31
792	409	46
793	410	5
794	409	8
795	409	18
796	410	47
797	409	27
798	411	3
799	411	17
800	411	22
801	412	5
802	412	12
803	412	18
804	412	15
805	413	17
806	413	2
807	413	14
808	415	28
809	416	3
810	417	11
811	418	18
812	419	5
813	419	15
814	419	18
815	419	12
816	418	5
817	418	12
818	418	15
819	420	15
820	421	7
821	422	9
822	423	14
823	422	20
824	424	3
825	425	10
826	426	3
827	427	3
828	428	1
829	428	10
830	429	3
831	430	11
832	431	11
833	432	11
834	433	9
835	434	16
836	433	20
837	435	1
838	436	11
839	435	10
840	436	1
841	438	7
842	438	24
843	438	12
844	437	13
845	437	18
846	437	20
847	439	1
848	439	10
849	440	12
850	440	1
851	441	3
852	442	15
853	443	6
854	443	15
855	444	2
856	445	3
857	446	3
858	447	3
859	448	15
860	449	16
861	450	6
862	450	15
863	451	11
864	453	7
865	453	26
866	453	13
867	452	13
868	452	18
869	452	20
870	454	1
871	455	1
872	456	9
873	456	20
874	457	11
875	458	1
876	459	5
877	460	15
878	460	4
879	460	11
880	461	3
881	462	5
882	463	3
883	464	3
884	465	13
885	466	19
886	466	8
887	465	18
888	465	20
889	467	1
890	468	3
891	470	3
892	472	8
893	472	14
894	472	18
895	471	4
896	471	11
897	471	15
898	473	3
899	475	3
900	476	3
901	477	9
902	478	11
903	479	12
904	480	6
905	480	15
906	482	1
907	483	13
908	484	11
909	486	13
910	486	18
911	486	20
912	488	7
913	488	34
914	487	4
915	487	11
916	487	15
917	488	15
918	490	12
919	489	9
920	490	2
921	491	9
922	492	2
923	493	15
924	494	17
925	495	1
926	496	10
927	495	10
928	496	3
929	497	9
930	498	2
931	498	12
932	499	9
933	499	20
934	501	15
935	501	4
936	502	15
937	501	11
938	502	12
939	503	6
940	503	15
941	504	19
942	505	6
943	505	12
944	505	22
945	505	15
946	504	6
947	504	14
948	506	4
949	507	4
950	508	2
951	508	18
952	509	2
953	512	18
954	512	28
955	513	15
956	513	19
957	514	1
958	514	24
959	515	3
960	516	6
961	518	5
962	517	3
963	517	16
964	519	6
965	520	25
966	520	17
967	519	19
968	519	14
969	521	2
970	521	18
971	523	31
972	522	7
973	523	7
974	522	27
975	522	14
976	524	33
977	524	10
978	524	21
979	524	31
980	525	33
981	525	10
982	526	25
983	525	21
984	525	31
985	527	3
986	528	3
987	529	2
988	530	7
989	531	3
990	532	6
991	533	18
992	533	28
993	534	14
994	535	33
995	535	10
996	536	33
997	535	21
998	535	31
999	537	3
1000	538	2
1001	540	3
1002	540	16
1003	542	31
1004	541	7
1005	542	7
1006	541	27
1007	541	14
1008	543	2
1009	544	7
1010	545	3
1011	545	16
1012	548	3
1013	547	3
1014	548	17
1015	547	16
1016	549	1
1017	549	24
1018	550	1
1019	551	3
1020	552	6
1021	553	18
1022	553	28
1023	554	14
1024	554	19
1025	555	2
1026	555	18
1027	556	2
1028	559	3
1029	560	5
1030	562	25
1031	561	1
1032	561	24
1033	562	1
1034	563	4
1035	564	2
1036	565	4
1037	566	18
1038	566	28
1039	567	4
1040	568	5
1041	569	7
1042	569	27
1043	569	14
1044	572	19
1045	573	7
1046	573	21
1047	573	24
1048	572	6
1049	572	14
1050	574	7
1051	575	27
1052	575	7
1053	574	27
1054	574	14
1055	576	6
1056	576	19
1057	576	14
1058	577	2
1059	577	18
1060	578	2
1061	578	25
1062	579	3
1063	580	1
1064	581	2
1065	582	1
1066	582	24
1067	583	24
1068	583	1
1069	584	33
1070	584	10
1071	585	24
1072	584	21
1073	584	31
1074	586	4
1075	587	4
1076	588	31
1077	588	10
1078	589	11
1079	588	19
1080	589	26
1081	590	7
1082	590	9
1083	591	3
1084	591	10
1085	592	12
1086	592	3
1087	594	14
1088	593	1
1089	593	14
1090	594	2
1091	595	2
1092	595	12
1093	595	26
1094	596	3
1095	597	31
1096	597	10
1097	598	7
1098	597	19
1099	598	25
1100	599	5
1101	600	1
1102	601	2
1103	602	32
1104	603	2
1105	603	16
1106	603	13
1107	602	2
1108	602	13
1109	602	16
1110	604	7
1111	605	13
1112	604	9
1113	605	5
1114	606	2
1115	607	5
1116	608	2
1117	608	13
1118	608	32
1119	608	16
1120	609	5
1121	611	3
1122	611	10
1123	612	12
1124	612	3
1125	613	31
1126	613	10
1127	613	19
1128	614	32
1129	615	2
1130	615	15
1131	614	2
1132	614	13
1133	614	16
1134	616	7
1135	617	3
1136	617	10
1137	618	3
1138	618	23
1139	619	32
1140	620	37
1141	620	13
1142	620	27
1143	619	2
1144	619	13
1145	619	16
1146	620	2
1147	622	12
1148	622	38
1149	622	28
1150	621	10
1151	621	19
1152	621	31
1153	623	7
1154	624	6
1155	625	5
1156	626	2
1157	627	7
1158	628	7
1159	629	2
1160	629	12
1161	629	26
1162	630	3
1163	631	3
1164	631	23
1165	632	31
1166	632	3
1167	633	7
1168	634	1
1169	635	1
1170	636	3
1171	636	23
1172	637	23
1173	637	3
1174	638	2
1175	638	12
1176	638	26
1177	639	7
1178	640	9
1179	641	2
1180	642	5
1181	643	3
1182	644	9
1183	643	10
1184	644	1
1185	645	5
1186	646	2
1187	647	7
1188	647	9
1189	648	7
1190	649	7
1191	650	7
1192	651	3
1193	651	23
1194	652	29
1195	653	2
1196	653	12
1197	654	11
1198	653	26
1199	654	3
1200	655	1
1201	655	14
1202	656	2
1203	656	8
1204	657	1
1205	658	7
1206	659	8
1207	660	1
1208	660	14
1209	661	7
1210	662	13
1211	661	9
1212	662	5
1213	663	7
1214	664	9
1215	665	2
1216	666	1
1217	667	2
1218	668	2
1219	669	2
1220	671	16
1221	670	1
1222	670	14
1223	671	2
1224	672	4
1225	672	7
1226	673	10
1227	674	4
1228	674	20
1229	675	22
1230	675	6
1231	675	16
1232	676	6
1233	677	6
1234	678	11
1235	679	10
1236	680	1
1237	680	32
1238	680	10
1239	680	27
1240	681	7
1241	682	4
1242	683	2
1243	683	7
1244	684	7
1245	685	5
1246	685	21
1247	686	8
1248	686	1
1249	687	4
1250	687	7
1251	688	9
1252	689	7
1253	690	4
1254	690	7
1255	691	5
1256	692	22
1257	691	21
1258	692	8
1259	692	1
1260	693	5
1261	693	21
1262	694	6
1263	695	6
1264	697	29
1265	696	4
1266	696	20
1267	697	10
1268	698	19
1269	698	6
1270	698	27
1271	700	7
1272	700	28
1273	700	15
1274	700	21
1275	699	6
1276	699	16
1277	699	22
1278	701	2
1279	701	7
1280	702	7
1281	704	16
1282	703	19
1283	703	6
1284	703	27
1285	704	24
1286	705	7
1287	706	5
1288	708	7
1289	707	5
1290	708	22
1291	707	21
1292	708	2
1293	709	4
1294	709	7
1295	710	9
1296	710	6
1297	711	5
1298	711	21
1299	713	6
1300	712	5
1301	712	21
1302	714	5
1303	715	4
1304	715	20
1305	716	27
1306	717	11
1307	718	11
1308	719	4
1309	720	6
1310	721	5
1311	724	11
1312	723	5
1313	723	21
1314	724	33
1315	724	21
1316	725	4
1317	725	20
1318	728	8
1319	727	19
1320	727	6
1321	727	27
1322	728	23
1323	729	5
1324	730	7
1325	731	22
1326	731	6
1327	732	10
1328	731	16
1329	732	22
1330	733	7
1331	734	5
1332	735	22
1333	735	6
1334	736	15
1335	735	16
1336	736	22
1337	737	11
1338	738	10
1339	739	2
1340	739	7
1341	741	6
1342	740	5
1343	740	21
1344	741	27
1345	741	16
1346	742	32
1347	743	32
1348	743	1
1349	742	1
1350	742	10
1351	742	27
1352	744	2
1353	744	7
1354	745	3
1355	747	14
1356	746	19
1357	746	6
1358	746	27
1359	747	21
1360	748	32
1361	749	32
1362	749	10
1363	749	1
1364	749	19
1365	748	1
1366	748	10
1367	748	27
1368	750	6
1369	751	5
1370	752	5
1371	754	32
1372	755	10
1373	755	1
1374	755	19
1375	755	36
1376	754	1
1377	754	10
1378	754	27
1379	756	12
1380	757	19
1381	757	6
1382	756	16
1383	758	4
1384	758	14
1385	759	1
1386	760	16
1387	761	17
1388	762	2
1389	764	17
1390	765	16
1391	766	1
1392	767	3
1393	768	1
1394	768	17
1395	769	1
1396	770	1
1397	772	26
1398	772	32
1399	771	5
1400	771	23
1401	771	30
1402	772	9
1403	773	12
1404	774	4
1405	775	2
1406	776	12
1407	778	32
1408	778	47
1409	777	5
1410	777	23
1411	777	30
1412	778	24
1413	779	5
1414	780	4
1415	782	18
1416	781	1
1417	781	17
1418	782	1
1419	783	1
1420	783	5
1421	783	11
1422	784	12
1423	785	12
1424	785	16
1425	787	1
1426	786	1
1427	786	5
1428	786	11
1429	794	12
1430	795	1
1431	796	2
1432	797	17
1433	798	17
1434	799	12
1435	800	20
1436	800	6
1437	799	16
1438	801	5
1439	802	7
1440	803	1
1441	805	19
1442	804	1
1443	804	17
1444	805	1
1445	806	1
1446	807	12
1447	808	10
1448	809	2
1449	810	13
1450	812	22
1451	811	1
1452	811	5
1453	811	11
1454	813	1
1455	813	17
1456	814	1
1457	815	5
1458	815	23
1459	815	30
1460	816	5
1461	817	5
1462	818	5
1463	820	6
1464	819	4
1465	819	14
1466	820	23
1467	820	10
1468	822	5
1469	821	4
1470	822	8
1471	821	14
1472	823	1
1473	824	1
1474	826	1
1475	825	4
1476	826	7
1477	825	14
1478	826	9
1479	828	12
1480	829	19
1481	829	7
1482	828	16
1483	830	1
1484	831	1
1485	832	17
1486	833	20
1487	835	28
1488	835	33
1489	834	5
1490	834	23
1491	834	30
1492	835	14
1493	836	1
1494	837	3
1495	839	1
1496	838	1
1497	838	5
1498	838	11
1499	840	2
1500	841	2
1501	841	4
1502	842	2
1503	843	2
1504	843	4
1505	844	8
1506	847	9
1507	847	11
1508	847	20
1509	846	6
1510	846	8
1511	846	27
1512	849	8
1513	849	10
1514	849	17
1515	848	6
1516	848	8
1517	848	27
1518	850	2
1519	851	8
1520	852	2
1521	853	6
1522	854	12
1523	855	13
1524	856	8
1525	857	2
1526	858	19
1527	858	38
1528	858	30
1529	859	2
1530	860	3
1531	860	6
1532	861	11
1533	861	22
1534	862	9
1535	862	14
1536	861	42
1537	863	6
1538	863	8
1539	863	27
1540	864	7
1541	864	10
1542	865	10
1543	865	7
1544	866	3
1545	867	12
1546	868	12
1547	869	2
1548	870	4
1549	872	24
1550	871	19
1551	871	38
1552	872	30
1553	871	30
1554	873	11
1555	873	22
1556	873	42
1557	874	3
1558	875	3
1559	876	7
1560	877	8
1561	878	7
1562	880	9
1563	879	7
1564	879	10
1565	880	7
1566	881	13
1567	882	13
1568	884	6
1569	884	21
1570	885	7
1571	886	11
1572	887	7
1573	889	11
1574	889	22
1575	890	10
1576	889	42
1577	891	13
1578	892	15
1579	893	3
1580	894	4
1581	896	4
1582	895	6
1583	896	14
1584	895	21
1585	896	20
1586	897	13
1587	898	4
1588	899	19
1589	899	38
1590	900	26
1591	899	30
1592	901	11
1593	901	22
1594	902	14
1595	902	7
1596	901	42
1597	904	2
1598	903	6
1599	903	21
1600	905	19
1601	905	38
1602	906	25
1603	905	30
1604	907	12
1605	909	5
1606	908	6
1607	909	8
1608	908	21
1609	909	21
1610	910	7
1611	910	10
1612	911	8
1613	912	8
1614	913	7
1615	913	10
1616	914	10
1617	914	7
1618	915	2
1619	916	3
1620	917	4
1621	918	6
1622	919	8
1623	918	8
1624	919	11
1625	918	27
1626	920	12
1627	922	7
1628	923	7
1629	924	25
1630	925	1
1631	925	12
1632	924	1
1633	924	7
1634	924	14
1635	925	23
1636	926	10
1637	927	12
1638	928	1
1639	929	8
1640	928	19
1641	929	24
1642	930	1
1643	930	19
1644	932	1
1645	932	3
1646	932	9
1647	932	19
1648	931	1
1649	931	3
1650	931	9
1651	931	29
1652	934	1
1653	934	3
1654	934	10
1655	933	1
1656	933	3
1657	933	9
1658	933	29
1659	935	1
1660	936	1
1661	935	19
1662	936	19
1663	937	10
1664	938	14
1665	943	10
1666	944	12
1667	945	25
1668	946	1
1669	946	6
1670	946	23
1671	946	13
1672	945	1
1673	945	7
1674	945	14
1675	947	25
1676	948	1
1677	948	7
1678	948	17
1679	948	13
1680	947	1
1681	947	7
1682	947	14
1683	949	1
1684	949	7
1685	949	14
1686	949	25
1687	950	10
1688	953	1
1689	953	3
1690	953	8
1691	953	15
1692	952	1
1693	952	3
1694	952	9
1695	952	29
1696	954	1
1697	954	3
1698	954	9
1699	954	29
1700	955	1
1701	956	8
1702	955	19
1703	956	33
1704	959	2
1705	959	12
1706	960	2
1707	960	16
1708	962	11
1709	961	2
1710	962	1
1711	963	2
1712	964	4
1713	965	9
1714	966	4
1715	967	10
1716	968	2
1717	968	12
1718	969	2
1719	970	12
1720	970	28
1721	971	62
1722	971	12
1723	970	61
1724	972	4
1725	973	4
1726	974	12
1727	974	28
1728	974	61
1729	975	2
1730	977	13
1731	977	62
1732	976	12
1733	976	28
1734	977	40
1735	976	61
1736	979	1
1737	980	1
1738	981	2
1739	981	11
1740	982	8
1741	982	10
1742	984	2
1743	985	1
1744	986	1
1745	986	5
1746	987	2
1747	987	12
1748	988	2
1749	990	26
1750	989	0
1751	989	31
1752	990	0
1753	991	1
1754	992	8
1755	992	10
1756	993	2
1757	994	1
1758	995	1
1759	996	1
1760	998	1
1761	997	2
1762	998	16
1763	997	11
1764	1000	2
1765	999	2
1766	1000	14
1767	999	11
1768	1001	2
1769	1002	1
1770	1003	0
1771	1003	31
1772	1005	6
1773	1004	1
1774	1005	15
1775	1004	5
1776	1005	1
1777	1007	4
1778	1006	1
1779	1007	15
1780	1006	5
1781	1007	1
1782	1008	2
1783	1008	12
1784	1010	1
1785	1010	9
1786	1010	19
1787	1009	1
1788	1009	18
1789	1009	25
1790	1011	4
1791	1013	1
1792	1013	9
1793	1013	20
1794	1012	1
1795	1012	18
1796	1012	25
1797	1016	2
1798	1017	1
1799	1018	0
1800	1018	31
1801	1019	0
1802	1019	7
1803	1021	2
1804	1020	2
1805	1021	7
1806	1020	11
1807	1023	6
1808	1022	1
1809	1022	5
1810	1023	1
1811	1026	1
1812	1026	18
1813	1026	25
1814	1028	6
1815	1027	0
1816	1027	31
1817	1028	2
1818	1030	9
1819	1029	1
1820	1029	18
1821	1029	25
1822	1031	1
1823	1032	1
1824	1033	8
1825	1033	10
1826	1035	2
1827	1036	11
1828	1036	1
1829	1037	8
1830	1037	10
1831	1039	12
1832	1039	28
1833	1040	47
1834	1040	12
1835	1039	61
1836	1043	10
1837	1043	26
1838	1044	12
1839	1045	4
1840	1046	14
1841	1046	17
1842	1046	26
1843	1047	9
1844	1046	21
1845	1048	6
1846	1049	18
1847	1050	19
1848	1052	22
1849	1051	11
1850	1051	20
1851	1052	13
1852	1053	18
1853	1055	25
1854	1054	11
1855	1054	20
1856	1055	14
1857	1057	19
1858	1056	11
1859	1056	20
1860	1057	13
1861	1058	18
1862	1059	10
1863	1062	6
1864	1063	12
1865	1064	3
1866	1065	4
1867	1066	3
1868	1067	7
1869	1068	26
1870	1069	7
1871	1069	18
1872	1069	28
1873	1068	4
1874	1068	15
1875	1068	19
1876	1070	10
1877	1070	26
1878	1071	31
1879	1071	10
1880	1072	10
1881	1072	26
1882	1073	21
1883	1074	3
1884	1075	3
1885	1076	5
1886	1077	4
1887	1077	16
1888	1078	18
1889	1080	12
1890	1082	17
1891	1081	4
1892	1081	16
1893	1082	5
1894	1083	26
1895	1084	6
1896	1084	20
1897	1084	13
1898	1084	27
1899	1083	4
1900	1083	15
1901	1083	19
1902	1085	3
1903	1086	5
1904	1087	6
1905	1088	10
1906	1089	3
1907	1090	5
1908	1091	4
1909	1091	15
1910	1091	26
1911	1091	19
1912	1092	1
1913	1092	10
1914	1092	18
1915	1094	20
1916	1093	4
1917	1093	16
1918	1094	8
1919	1095	3
1920	1099	27
1921	1098	26
1922	1099	30
1923	1099	1
1924	1098	14
1925	1098	17
1926	1098	21
1927	1100	12
1928	1101	6
1929	1102	14
1930	1102	17
1931	1102	26
1932	1102	21
1933	1103	1
1934	1104	31
1935	1103	10
1936	1103	18
1937	1104	1
1938	1105	26
1939	1106	6
1940	1106	21
1941	1106	16
1942	1106	26
1943	1105	4
1944	1105	15
1945	1105	19
1946	1107	11
1947	1107	20
1948	1108	26
1949	1109	32
1950	1109	8
1951	1108	14
1952	1108	17
1953	1108	21
1954	1110	12
1955	1113	6
1956	1114	12
1957	1115	1
1958	1115	10
1959	1115	18
1960	1117	3
1961	1118	5
1962	1122	1
1963	1121	1
1964	1122	24
1965	1121	10
1966	1121	18
1967	1123	10
1968	1123	26
1969	1124	22
1970	1125	4
1971	1125	16
1972	1127	2
1973	1129	15
1974	1130	9
1975	1131	6
1976	1132	6
1977	1133	7
1978	1134	8
1979	1135	15
1980	1136	8
1981	1137	2
1982	1138	2
1983	1139	2
1984	1141	13
1985	1142	5
1986	1143	18
1987	1142	12
1988	1143	4
1989	1144	1
1990	1144	12
1991	1145	7
1992	1145	3
1993	1146	2
1994	1146	10
1995	1146	27
1996	1147	33
1997	1146	14
1998	1148	10
1999	1148	13
2000	1149	12
2001	1150	1
2002	1150	11
2003	1150	16
2004	1151	7
2005	1152	9
2006	1153	14
2007	1153	27
2008	1154	10
2009	1154	32
2010	1154	15
2011	1153	2
2012	1153	10
2013	1154	25
2014	1155	1
2015	1156	1
2016	1157	2
2017	1159	1
2018	1159	12
2019	1159	21
2020	1158	1
2021	1158	11
2022	1158	16
2023	1161	4
2024	1160	1
2025	1160	12
2026	1161	6
2027	1162	13
2028	1163	10
2029	1164	2
2030	1164	10
2031	1164	27
2032	1165	24
2033	1164	14
2034	1166	6
2035	1167	6
2036	1168	2
2037	1169	3
2038	1170	13
2039	1171	10
2040	1172	6
2041	1173	10
2042	1173	13
2043	1174	12
2044	1174	10
2045	1176	1
2046	1176	15
2047	1176	20
2048	1175	1
2049	1175	11
2050	1175	16
2051	1178	4
2052	1177	1
2053	1177	12
2054	1178	6
2055	1179	7
2056	1180	10
2057	1180	13
2058	1181	15
2059	1182	1
2060	1182	12
2061	1183	1
2062	1185	13
2063	1184	10
2064	1184	13
2065	1185	11
2066	1186	2
2067	1187	3
2068	1188	7
2069	1189	8
2070	1190	5
2071	1191	12
2072	1190	12
2073	1191	4
2074	1192	15
2075	1193	8
2076	1194	2
2077	1195	1
2078	1196	1
2079	1197	1
2080	1198	1
2081	1199	5
2082	1199	12
2083	1200	2
2084	1200	10
2085	1200	14
2086	1200	27
2087	1201	2
2088	1202	1
2089	1204	1
2090	1204	12
2091	1204	17
2092	1203	1
2093	1203	11
2094	1203	16
2095	1205	6
2096	1206	6
2097	1207	13
2098	1208	10
2099	1209	5
2100	1210	18
2101	1209	12
2102	1210	4
2103	1211	5
2104	1212	15
2105	1213	1
2106	1213	10
2107	1213	19
2108	1214	12
2109	1215	9
2110	1217	14
2111	1216	1
2112	1216	10
2113	1217	23
2114	1216	19
2115	1218	2
2116	1218	18
2117	1219	3
2118	1219	21
2119	1221	16
2120	1220	9
2121	1220	22
2122	1221	7
2123	1222	0
2124	1223	16
2125	1222	13
2126	1223	7
2127	1225	1
2128	1225	13
2129	1225	22
2130	1224	1
2131	1224	10
2132	1224	19
2133	1226	23
2134	1226	14
2135	1227	24
2136	1226	19
2137	1228	5
2138	1230	51
2139	1230	14
2140	1230	23
2141	1229	14
2142	1229	16
2143	1229	48
2144	1231	5
2145	1232	17
2146	1234	10
2147	1233	0
2148	1233	13
2149	1234	2
2150	1234	15
2151	1235	5
2152	1236	16
2153	1237	6
2154	1238	6
2155	1239	9
2156	1240	12
2157	1240	18
2158	1239	11
2159	1241	7
2160	1242	11
2161	1242	4
2162	1243	7
2163	1244	12
2164	1244	4
2165	1245	7
2166	1246	13
2167	1246	2
2168	1247	8
2169	1248	7
2170	1249	12
2171	1250	13
2172	1251	8
2173	1253	16
2174	1252	2
2175	1252	18
2176	1253	2
2177	1255	8
2178	1254	0
2179	1255	16
2180	1254	13
2181	1255	0
2182	1256	23
2183	1256	14
2184	1257	12
2185	1257	17
2186	1256	19
2187	1258	9
2188	1259	13
2189	1259	19
2190	1258	11
2191	1260	23
2192	1260	14
2193	1261	14
2194	1261	22
2195	1260	19
2196	1262	0
2197	1262	13
2198	1263	9
2199	1264	10
2200	1263	11
2201	1265	8
2202	1266	12
2203	1267	48
2204	1267	14
2205	1267	16
2206	1269	6
2207	1270	5
2208	1271	9
2209	1271	22
2210	1272	2
2211	1272	18
2212	1273	9
2213	1273	11
2214	1274	6
2215	1275	8
2216	1276	7
2217	1277	9
2218	1277	22
2219	1278	8
2220	1280	1
2221	1280	11
2222	1280	20
2223	1279	1
2224	1279	10
2225	1279	19
2226	1281	48
2227	1281	14
2228	1281	16
2229	1283	12
2230	1284	48
2231	1284	14
2232	1284	16
2233	1286	21
2234	1285	2
2235	1285	18
2236	1286	2
2237	1287	7
2238	1288	23
2239	1288	14
2240	1288	19
2241	1289	6
2242	1290	6
2243	1291	9
2244	1291	22
2245	1292	7
2246	1293	12
2247	1294	7
2248	1295	14
2249	1296	8
2250	1296	23
2251	1295	28
2252	1297	6
2253	1298	9
2254	1299	24
2255	1299	32
2256	1299	30
2257	1300	27
2258	1300	14
2259	1300	23
2260	1299	6
2261	1300	5
2262	1299	13
2263	1299	19
2264	1300	20
2265	1301	19
2266	1302	8
2267	1302	13
2268	1302	17
2269	1302	10
2270	1301	9
2271	1301	11
2272	1301	15
2273	1303	10
2274	1304	24
2275	1304	32
2276	1304	30
2277	1305	24
2278	1305	12
2279	1305	16
2280	1304	6
2281	1305	5
2282	1304	13
2283	1304	19
2284	1305	20
2285	1307	5
2286	1307	12
2287	1307	15
2288	1306	4
2289	1306	11
2290	1306	14
2291	1308	6
2292	1309	11
2293	1310	10
2294	1311	10
2295	1312	3
2296	1313	3
2297	1314	10
2298	1315	10
2299	1316	2
2300	1317	14
2301	1317	28
2302	1319	11
2303	1318	8
2304	1318	22
2305	1319	33
2306	1319	27
2307	1319	20
2308	1318	29
2309	1318	2
2310	1318	14
2311	1319	2
2312	1320	24
2313	1320	32
2314	1320	30
2315	1320	6
2316	1320	13
2317	1320	19
2318	1321	2
2319	1322	2
2320	1323	14
2321	1324	18
2322	1324	7
2323	1323	28
2324	1325	8
2325	1325	22
2326	1326	24
2327	1326	6
2328	1326	18
2329	1326	12
2330	1325	29
2331	1325	2
2332	1325	14
2333	1326	2
2334	1327	3
2335	1328	3
2336	1329	23
2337	1330	20
2338	1330	25
2339	1329	15
2340	1329	4
2341	1329	19
2342	1331	6
2343	1332	4
2344	1332	11
2345	1332	14
2346	1333	23
2347	1334	19
2348	1334	24
2349	1333	15
2350	1333	4
2351	1333	19
2352	1335	22
2353	1335	4
2354	1335	9
2355	1335	15
2356	1336	19
2357	1337	4
2358	1337	9
2359	1337	13
2360	1337	19
2361	1336	9
2362	1336	11
2363	1336	15
2364	1338	19
2365	1339	11
2366	1339	14
2367	1339	18
2368	1339	8
2369	1338	9
2370	1338	11
2371	1338	15
2372	1340	3
2373	1341	3
2374	1342	15
2375	1342	4
2376	1342	19
2377	1342	23
2378	1343	24
2379	1343	32
2380	1343	30
2381	1344	27
2382	1344	13
2383	1344	18
2384	1344	22
2385	1343	6
2386	1344	5
2387	1343	13
2388	1343	19
2389	1345	9
2390	1345	11
2391	1345	19
2392	1345	15
2393	1347	17
2394	1346	9
2395	1347	22
2396	1347	6
2397	1347	10
2398	1346	22
2399	1346	4
2400	1346	15
2401	1348	2
2402	1349	2
2403	1350	2
2404	1351	2
2405	1352	8
2406	1352	4
2407	1352	16
2408	1354	3
2409	1354	10
2410	1354	13
2411	1353	4
2412	1353	11
2413	1353	14
2414	1355	8
2415	1356	18
2416	1355	22
2417	1356	26
2418	1356	21
2419	1356	7
2420	1355	29
2421	1355	2
2422	1355	14
2423	1356	2
2424	1357	23
2425	1358	20
2426	1358	26
2427	1357	15
2428	1357	4
2429	1357	19
2430	1360	4
2431	1360	11
2432	1360	14
2433	1359	4
2434	1359	11
2435	1359	14
2436	1361	3
2437	1363	18
2438	1363	14
2439	1362	9
2440	1363	8
2441	1363	4
2442	1362	22
2443	1362	4
2444	1362	15
2445	1364	8
2446	1364	4
2447	1365	5
2448	1365	1
2449	1364	16
2450	1366	8
2451	1366	4
2452	1367	5
2453	1367	1
2454	1366	16
2455	1368	14
2456	1369	13
2457	1369	7
2458	1368	28
2459	1370	10
2460	1371	10
2461	1372	8
2462	1372	4
2463	1373	8
2464	1373	1
2465	1372	16
2466	1374	6
2467	1375	11
2468	1376	9
2469	1377	10
2470	1377	21
2471	1377	16
2472	1376	22
2473	1376	4
2474	1376	15
2475	1377	6
2476	1378	29
2477	1378	2
2478	1378	22
2479	1378	14
2480	1378	8
2481	1380	15
2482	1380	2
2483	1379	16
2484	1379	1
2485	1379	4
2486	1379	11
2487	1380	10
2488	1381	9
2489	1382	10
2490	1384	16
2491	1383	16
2492	1383	21
2493	1386	12
2494	1385	12
2495	1386	17
2496	1385	14
2497	1385	20
2498	1387	5
2499	1388	1
2500	1389	7
2501	1389	24
2502	1389	11
2503	1389	15
2504	1389	10
2505	1390	10
2506	1390	22
2507	1391	12
2508	1391	17
2509	1390	24
2510	1391	29
2511	1390	36
2512	1390	6
2513	1391	32
2514	1393	11
2515	1392	6
2516	1392	11
2517	1393	4
2518	1395	12
2519	1395	15
2520	1395	3
2521	1394	16
2522	1394	1
2523	1394	4
2524	1394	11
2525	1396	16
2526	1396	21
2527	1397	6
2528	1398	4
2529	1399	6
2530	1400	6
2531	1401	6
2532	1402	7
2533	1403	10
2534	1403	36
2535	1403	6
2536	1403	22
2537	1403	24
2538	1404	4
2539	1404	8
2540	1405	10
2541	1406	10
2542	1406	22
2543	1407	39
2544	1407	13
2545	1407	19
2546	1406	24
2547	1407	26
2548	1406	36
2549	1406	6
2550	1408	5
2551	1409	3
2552	1410	6
2553	1411	6
2554	1413	2
2555	1412	7
2556	1413	8
2557	1414	12
2558	1414	14
2559	1414	20
2560	1415	6
2561	1415	11
2562	1416	6
2563	1417	4
2564	1418	4
2565	1418	8
2566	1419	10
2567	1420	6
2568	1421	12
2569	1420	11
2570	1421	7
2571	1423	17
2572	1422	6
2573	1422	11
2574	1423	6
2575	1424	15
2576	1424	24
2577	1425	11
2578	1425	7
2579	1425	14
2580	1425	23
2581	1424	7
2582	1424	10
2583	1424	11
2584	1426	7
2585	1427	2
2586	1427	7
2587	1428	5
2588	1429	4
2589	1431	18
2590	1430	16
2591	1430	21
2592	1433	16
2593	1432	12
2594	1433	19
2595	1432	14
2596	1432	20
2597	1434	7
2598	1435	2
2599	1437	15
2600	1436	15
2601	1436	24
2602	1437	24
2603	1437	11
2604	1437	8
2605	1436	7
2606	1436	10
2607	1436	11
2608	1438	9
2609	1439	4
2610	1439	8
2611	1440	9
2612	1441	5
2613	1442	9
2614	1443	9
2615	1444	6
2616	1446	10
2617	1445	12
2618	1446	18
2619	1445	14
2620	1445	20
2621	1447	4
2622	1448	10
2623	1448	27
2624	1448	3
2625	1447	16
2626	1447	1
2627	1447	11
2628	1449	6
2629	1450	4
2630	1451	11
2631	1451	16
2632	1451	1
2633	1451	4
2634	1453	16
2635	1452	16
2636	1452	21
2637	1454	10
2638	1454	22
2639	1455	21
2640	1455	12
2641	1455	15
2642	1454	24
2643	1455	34
2644	1455	48
2645	1454	36
2646	1454	6
2647	1456	4
2648	1456	8
2649	1458	17
2650	1457	15
2651	1457	24
2652	1458	26
2653	1458	12
2654	1458	9
2655	1457	7
2656	1457	10
2657	1457	11
2658	1459	6
2659	1460	6
2660	1461	9
2661	1462	10
2662	1463	27
2663	1464	8
2664	1464	39
2665	1464	14
2666	1463	8
2667	1463	12
2668	1463	13
2669	1465	7
2670	1465	20
2671	1466	1
2672	1466	9
2673	1466	28
2674	1467	38
2675	1468	30
2676	1468	37
2677	1467	48
2678	1467	12
2679	1467	25
2680	1469	4
2681	1469	9
2682	1470	4
2683	1471	2
2684	1471	5
2685	1473	21
2686	1472	18
2687	1473	28
2688	1472	23
2689	1472	27
2690	1472	6
2691	1473	30
2692	1475	7
2693	1474	6
2694	1474	9
2695	1475	4
2696	1477	36
2697	1477	25
2698	1477	7
2699	1476	15
2700	1476	34
2701	1476	47
2702	1476	7
2703	1478	27
2704	1479	8
2705	1479	31
2706	1479	14
2707	1478	8
2708	1478	12
2709	1478	13
2710	1480	23
2711	1480	18
2712	1480	27
2713	1480	6
2714	1481	8
2715	1481	12
2716	1481	27
2717	1481	13
2718	1483	38
2719	1482	7
2720	1483	30
2721	1482	15
2722	1482	34
2723	1483	12
2724	1482	47
2725	1484	4
2726	1484	9
2727	1485	38
2728	1486	29
2729	1486	40
2730	1486	19
2731	1485	48
2732	1485	12
2733	1486	15
2734	1485	25
2735	1487	7
2736	1488	11
2737	1487	20
2738	1488	6
2739	1489	23
2740	1489	27
2741	1489	30
2742	1489	7
2743	1489	5
2744	1491	1
2745	1491	7
2746	1491	26
2747	1490	1
2748	1490	9
2749	1490	28
2750	1493	9
2751	1492	6
2752	1492	9
2753	1493	6
2754	1494	7
2755	1494	27
2756	1494	30
2757	1495	20
2758	1495	3
2759	1494	23
2760	1494	5
2761	1496	18
2762	1497	36
2763	1497	29
2764	1497	24
2765	1496	23
2766	1496	27
2767	1496	6
2768	1499	35
2769	1499	23
2770	1498	15
2771	1498	34
2772	1498	47
2773	1498	7
2774	1500	27
2775	1501	9
2776	1501	31
2777	1501	14
2778	1500	8
2779	1500	12
2780	1500	13
2781	1502	15
2782	1502	34
2783	1502	7
2784	1502	47
2785	1503	4
2786	1504	10
2787	1503	9
2788	1504	5
2789	1505	11
2790	1505	16
2791	1505	23
2792	1506	7
2793	1507	16
2794	1506	20
2795	1507	7
2796	1508	4
2797	1508	9
2798	1510	6
2799	1509	4
2800	1509	9
2801	1510	4
2802	1511	48
2803	1511	12
2804	1511	38
2805	1511	25
2806	1513	7
2807	1513	11
2808	1513	15
2809	1512	11
2810	1512	16
2811	1512	23
2812	1514	4
2813	1514	9
2814	1515	5
2815	1516	7
2816	1517	17
2817	1516	20
2818	1517	7
2819	1518	7
2820	1519	16
2821	1518	27
2822	1518	30
2823	1519	10
2824	1519	3
2825	1518	23
2826	1518	5
2827	1521	8
2828	1520	11
2829	1520	16
2830	1521	15
2831	1520	23
2832	1523	1
2833	1523	7
2834	1523	11
2835	1522	1
2836	1522	9
2837	1522	28
2838	1525	20
2839	1524	18
2840	1525	25
2841	1525	30
2842	1524	23
2843	1524	27
2844	1524	6
2845	1526	1
2846	1526	9
2847	1527	7
2848	1526	28
2849	1527	1
2850	1528	4
2851	1528	9
2852	1529	9
2853	1529	7
2854	1530	6
2855	1530	9
2856	1531	4
2857	1531	9
2858	1532	5
2859	1533	2
2860	1533	5
2861	1534	2
2862	1536	12
2863	1535	6
2864	1535	9
2865	1536	9
2866	1537	7
2867	1537	27
2868	1537	30
2869	1538	20
2870	1538	3
2871	1537	23
2872	1537	5
2873	1539	2
2874	1539	5
2875	1540	2
2876	1542	23
2877	1541	38
2878	1542	13
2879	1542	2
2880	1542	36
2881	1541	48
2882	1541	12
2883	1541	25
2884	1544	9
2885	1544	14
2886	1544	18
2887	1543	11
2888	1543	16
2889	1543	23
2890	1545	2
2891	1545	5
2892	1546	2
2893	1548	4
2894	1549	1
2895	1550	1
2896	1551	1
2897	1552	6
2898	1552	11
2899	1553	2
2900	1554	2
2901	1555	5
2902	1556	5
2903	1557	2
2904	1558	5
2905	1559	6
2906	1560	5
2907	1561	5
2908	1562	2
2909	1563	2
2910	1565	7
2911	1564	3
2912	1564	8
2913	1565	3
2914	1566	6
2915	1567	9
2916	1566	11
2917	1567	4
2918	1569	18
2919	1569	29
2920	1568	3
2921	1568	17
2922	1568	29
2923	1569	10
2924	1571	17
2925	1571	28
2926	1570	3
2927	1570	17
2928	1570	29
2929	1571	8
2930	1572	11
2931	1573	16
2932	1572	16
2933	1573	11
2934	1578	29
2935	1578	3
2936	1578	17
2937	1580	3
2938	1580	23
2939	1580	17
2940	1579	1
2941	1579	6
2942	1579	10
2943	1579	16
2944	1581	5
2945	1581	7
2946	1582	2
2947	1583	2
2948	1584	4
2949	1585	5
2950	1585	7
2951	1586	5
2952	1587	11
2953	1588	15
2954	1587	16
2955	1588	10
2956	1590	20
2957	1590	5
2958	1590	14
2959	1590	9
2960	1589	1
2961	1589	6
2962	1589	10
2963	1589	16
2964	1591	6
2965	1591	11
2966	1592	9
2967	1592	4
2968	1594	2
2969	1594	9
2970	1594	23
2971	1593	1
2972	1593	6
2973	1593	10
2974	1593	16
2975	1595	11
2976	1595	16
2977	1596	3
2978	1597	5
2979	1597	7
2980	1598	5
2981	1599	16
2982	1599	1
2983	1599	6
2984	1599	10
2985	1601	7
2986	1600	3
2987	1600	8
2988	1601	3
2989	1602	1
2990	1603	1
2991	1604	4
2992	1605	4
2993	1606	1
2994	1607	3
2995	1608	4
2996	1609	11
2997	1610	17
2998	1609	16
2999	1610	11
3000	1611	5
3001	1612	1
3002	1613	1
3003	1614	4
3004	1615	5
3005	1616	3
3006	1616	8
3007	1617	6
3008	1618	9
3009	1617	11
3010	1618	4
3011	1619	3
3012	1620	5
3013	1622	17
3014	1622	28
3015	1621	3
3016	1621	17
3017	1621	29
3018	1622	9
3019	1624	7
3020	1623	3
3021	1623	8
3022	1624	3
3023	1625	3
3024	1626	5
3025	1630	7
3026	1629	5
3027	1629	7
3028	1630	5
3029	1631	13
3030	1632	3
3031	1631	3
3032	1632	13
3033	1633	13
3034	1633	3
3035	1634	14
3036	1635	10
3037	1636	1
3038	1637	1
3039	1638	13
3040	1639	13
3041	1640	1
3042	1641	1
3043	1643	2
3044	1642	2
3045	1643	18
3046	1642	22
3047	1645	2
3048	1644	2
3049	1645	18
3050	1644	22
3051	1646	14
3052	1647	1
3053	1648	3
3054	1649	13
3055	1650	13
3056	1651	3
3057	1650	3
3058	1651	13
3059	1653	7
3060	1652	6
3061	1653	16
3062	1652	13
3063	1655	5
3064	1654	1
3065	1654	6
3066	1655	1
3067	1656	13
3068	1657	6
3069	1658	15
3070	1658	4
3071	1659	15
3072	1660	18
3073	1661	14
3074	1662	11
3075	1663	15
3076	1663	4
3077	1664	13
3078	1664	3
3079	1665	15
3080	1666	18
3081	1667	5
3082	1667	8
3083	1668	1
3084	1669	1
3085	1670	3
3086	1671	14
3087	1672	8
3088	1672	10
3089	1674	4
3090	1673	1
3091	1673	6
3092	1674	1
3093	1676	2
3094	1675	2
3095	1676	20
3096	1675	22
3097	1678	3
3098	1677	15
3099	1677	4
3100	1678	14
3101	1679	6
3102	1679	13
3103	1680	5
3104	1681	3
3105	1680	8
3106	1681	8
3107	1682	13
3108	1683	10
3109	1685	4
3110	1684	6
3111	1685	12
3112	1684	13
3113	1686	15
3114	1687	23
3115	1688	13
3116	1689	3
3117	1688	3
3118	1689	13
3119	1690	15
3120	1692	3
3121	1691	6
3122	1691	13
3123	1694	8
3124	1693	5
3125	1694	3
3126	1693	8
3127	1694	10
3128	1695	1
3129	1696	1
3130	1697	1
3131	1698	3
3132	1699	1
3133	1700	1
3134	1700	6
3135	1701	5
3136	1702	9
3137	1701	8
3138	1702	3
3139	1703	2
3140	1703	22
3141	1705	3
3142	1704	15
3143	1704	4
3144	1705	14
3145	1707	4
3146	1706	1
3147	1706	6
3148	1707	1
3149	1708	14
3150	1708	28
3151	1709	23
3152	1709	8
3153	1710	6
3154	1711	9
3155	1712	20
3156	1713	14
3157	1712	24
3158	1713	5
3159	1713	27
3160	1713	20
3161	1713	23
3162	1712	30
3163	1712	6
3164	1712	13
3165	1714	9
3166	1715	17
3167	1715	8
3168	1716	10
3169	1717	24
3170	1718	12
3171	1718	5
3172	1718	24
3173	1718	20
3174	1718	16
3175	1717	30
3176	1717	6
3177	1717	13
3178	1717	20
3179	1719	3
3180	1720	15
3181	1719	14
3182	1720	4
3183	1721	6
3184	1722	11
3185	1723	10
3186	1724	10
3187	1725	3
3188	1726	3
3189	1727	10
3190	1728	10
3191	1729	2
3192	1730	14
3193	1730	28
3194	1732	20
3195	1732	33
3196	1732	2
3197	1732	11
3198	1731	6
3199	1731	2
3200	1731	14
3201	1731	29
3202	1733	20
3203	1733	30
3204	1733	24
3205	1733	6
3206	1733	13
3207	1734	2
3208	1735	2
3209	1736	14
3210	1736	28
3211	1737	7
3212	1738	6
3213	1739	6
3214	1739	24
3215	1739	2
3216	1739	12
3217	1738	2
3218	1738	14
3219	1738	29
3220	1740	3
3221	1741	3
3222	1743	3
3223	1743	25
3224	1742	15
3225	1742	4
3226	1742	19
3227	1743	20
3228	1744	6
3229	1745	3
3230	1745	14
3231	1747	3
3232	1747	24
3233	1746	15
3234	1746	4
3235	1746	19
3236	1747	19
3237	1748	22
3238	1748	4
3239	1748	15
3240	1750	13
3241	1749	9
3242	1750	19
3243	1750	4
3244	1751	9
3245	1752	18
3246	1752	11
3247	1753	3
3248	1754	3
3249	1755	15
3250	1755	4
3251	1755	19
3252	1756	20
3253	1757	13
3254	1756	24
3255	1757	5
3256	1757	27
3257	1757	18
3258	1757	22
3259	1756	30
3260	1756	6
3261	1756	13
3262	1758	9
3263	1760	22
3264	1760	6
3265	1760	17
3266	1759	22
3267	1759	4
3268	1759	15
3269	1761	2
3270	1762	2
3271	1763	2
3272	1764	2
3273	1765	8
3274	1765	2
3275	1765	10
3276	1766	3
3277	1767	13
3278	1766	14
3279	1767	3
3280	1768	6
3281	1769	7
3282	1769	26
3283	1769	2
3284	1769	21
3285	1768	2
3286	1768	14
3287	1768	29
3288	1771	3
3289	1771	26
3290	1770	15
3291	1770	4
3292	1770	19
3293	1771	20
3294	1772	3
3295	1773	14
3296	1772	14
3297	1773	3
3298	1774	3
3299	1776	18
3300	1776	4
3301	1776	14
3302	1775	22
3303	1775	4
3304	1775	15
3305	1777	8
3306	1778	4
3307	1777	2
3308	1778	1
3309	1777	10
3310	1779	8
3311	1780	5
3312	1779	2
3313	1780	1
3314	1779	10
3315	1781	14
3316	1781	28
3317	1782	13
3318	1782	7
3319	1783	10
3320	1784	10
3321	1785	8
3322	1786	7
3323	1785	2
3324	1786	1
3325	1785	10
3326	1787	6
3327	1788	11
3328	1790	21
3329	1790	6
3330	1790	16
3331	1789	22
3332	1789	4
3333	1789	15
3334	1791	2
3335	1791	14
3336	1791	29
3337	1791	6
3338	1792	27
3339	1793	8
3340	1793	39
3341	1793	14
3342	1792	8
3343	1792	12
3344	1792	13
3345	1794	19
3346	1794	6
3347	1795	1
3348	1795	28
3349	1796	38
3350	1797	9
3351	1797	37
3352	1797	44
3353	1796	48
3354	1798	4
3355	1798	9
3356	1799	4
3357	1800	2
3358	1800	5
3359	1801	23
3360	1802	25
3361	1802	30
3362	1802	19
3363	1804	7
3364	1803	6
3365	1803	9
3366	1804	4
3367	1806	7
3368	1806	36
3369	1806	25
3370	1805	15
3371	1805	34
3372	1805	47
3373	1807	27
3374	1808	8
3375	1808	31
3376	1808	14
3377	1807	8
3378	1807	12
3379	1807	13
3380	1809	23
3381	1810	8
3382	1810	12
3383	1810	13
3384	1810	27
3385	1812	12
3386	1812	38
3387	1812	30
3388	1811	15
3389	1811	34
3390	1811	47
3391	1813	4
3392	1814	38
3393	1815	15
3394	1815	40
3395	1814	48
3396	1817	5
3397	1816	19
3398	1817	11
3399	1816	6
3400	1818	37
3401	1818	21
3402	1818	5
3403	1820	26
3404	1819	1
3405	1819	28
3406	1820	1
3407	1822	9
3408	1821	6
3409	1821	9
3410	1822	6
3411	1824	3
3412	1824	51
3413	1824	18
3414	1823	21
3415	1823	5
3416	1823	37
3417	1826	22
3418	1825	23
3419	1826	29
3420	1826	36
3421	1827	15
3422	1828	23
3423	1828	35
3424	1827	34
3425	1827	47
3426	1829	27
3427	1830	9
3428	1830	31
3429	1830	14
3430	1829	8
3431	1829	12
3432	1829	13
3433	1831	15
3434	1831	34
3435	1831	47
3436	1832	4
3437	1833	5
3438	1834	11
3439	1834	16
3440	1836	6
3441	1835	19
3442	1836	16
3443	1835	6
3444	1837	4
3445	1837	9
3446	1838	4
3447	1838	9
3448	1839	4
3449	1840	38
3450	1840	48
3451	1841	11
3452	1841	16
3453	1842	7
3454	1842	11
3455	1843	4
3456	1844	5
3457	1845	19
3458	1846	16
3459	1846	6
3460	1845	6
3461	1848	3
3462	1848	8
3463	1848	16
3464	1847	21
3465	1847	5
3466	1847	37
3467	1850	15
3468	1849	11
3469	1849	16
3470	1850	8
3471	1852	11
3472	1851	1
3473	1851	28
3474	1852	1
3475	1854	25
3476	1853	23
3477	1854	30
3478	1854	18
3479	1855	1
3480	1855	28
3481	1856	1
3482	1857	4
3483	1857	9
3484	1858	7
3485	1859	6
3486	1859	9
3487	1860	4
3488	1861	5
3489	1862	2
3490	1862	5
3491	1863	2
3492	1865	12
3493	1864	6
3494	1864	9
3495	1865	9
3496	1867	3
3497	1867	32
3498	1867	18
3499	1866	21
3500	1866	5
3501	1866	37
3502	1868	2
3503	1868	5
3504	1869	2
3505	1870	38
3506	1871	36
3507	1871	2
3508	1871	9
3509	1870	48
3510	1873	14
3511	1872	11
3512	1872	16
3513	1873	9
3514	1874	2
3515	1874	5
3516	1875	2
3517	1876	3
3518	1877	3
3519	1878	1
3520	1879	1
3521	1881	15
3522	1881	68
3523	1881	32
3524	1880	13
3525	1880	28
3526	1880	51
3527	1882	1
3528	1883	4
3529	1884	1
3530	1885	1
3531	1886	7
3532	1887	9
3533	1886	3
3534	1887	16
3535	1887	2
3536	1888	3
3537	1889	3
3538	1890	3
3539	1890	10
3540	1892	5
3541	1892	13
3542	1892	30
3543	1892	23
3544	1891	3
3545	1891	9
3546	1891	18
3547	1891	23
3548	1893	1
3549	1893	8
3550	1894	5
3551	1896	8
3552	1895	4
3553	1896	4
3554	1897	3
3555	1898	3
3556	1899	1
3557	1900	1
3558	1901	3
3559	1903	11
3560	1902	4
3561	1903	4
3562	1905	11
3563	1904	4
3564	1904	12
3565	1904	1
3566	1905	2
3567	1906	7
3568	1906	3
3569	1908	11
3570	1907	1
3571	1908	1
3572	1908	5
3573	1909	1
3574	1909	8
3575	1910	6
3576	1912	2
3577	1911	3
3578	1911	10
3579	1912	9
3580	1913	4
3581	1914	4
3582	1914	8
3583	1915	51
3584	1915	13
3585	1915	28
3586	1916	13
3587	1916	25
3588	1918	8
3589	1917	7
3590	1917	3
3591	1918	2
3592	1920	3
3593	1919	3
3594	1919	10
3595	1920	10
3596	1921	51
3597	1921	13
3598	1921	28
3599	1922	3
3600	1923	4
3601	1925	11
3602	1924	1
3603	1925	1
3604	1925	5
3605	1926	1
3606	1926	8
3607	1927	3
3608	1928	1
3609	1929	3
3610	1930	1
3611	1931	1
3612	1931	8
3613	1932	4
3614	1932	12
3615	1932	1
3616	1933	3
3617	1934	4
3618	1935	3
3619	1936	3
3620	1937	1
3621	1938	4
3622	1940	13
3623	1940	21
3624	1940	26
3625	1939	3
3626	1939	9
3627	1939	18
3628	1939	23
3629	1941	1
3630	1942	1
3631	1943	3
3632	1945	10
3633	1944	4
3634	1944	12
3635	1944	1
3636	1945	2
3637	1946	4
3638	1947	12
3639	1946	12
3640	1946	1
3641	1947	8
3642	1948	3
3643	1948	9
3644	1948	23
3645	1948	18
3646	1949	4
3647	1951	8
3648	1950	7
3649	1950	3
3650	1951	2
3651	1953	12
3652	1952	1
3653	1953	1
3654	1955	13
3655	1955	48
3656	1955	17
3657	1954	13
3658	1954	28
3659	1954	51
3660	1957	3
3661	1956	3
3662	1956	10
3663	1957	13
3664	1959	5
3665	1959	11
3666	1959	19
3667	1959	24
3668	1958	3
3669	1958	9
3670	1958	18
3671	1958	23
3672	1960	3
3673	1961	3
3674	1962	3
3675	1963	1
3676	1963	9
3677	1964	1
3678	1964	6
3679	1965	22
3680	1966	26
3681	1966	10
3682	1966	21
3683	1966	15
3684	1965	3
3685	1965	12
3686	1965	17
3687	1967	3
3688	1968	27
3689	1967	22
3690	1968	20
3691	1968	14
3692	1969	22
3693	1970	12
3694	1970	16
3695	1969	3
3696	1969	12
3697	1969	17
3698	1970	22
3699	1971	28
3700	1972	14
3701	1973	28
3702	1974	15
3703	1975	1
3704	1975	9
3705	1976	32
3706	1976	46
3707	1977	27
3708	1977	10
3709	1976	8
3710	1976	18
3711	1977	35
3712	1976	27
3713	1978	3
3714	1978	22
3715	1979	3
3716	1980	3
3717	1982	9
3718	1981	4
3719	1981	13
3720	1982	4
3721	1983	18
3722	1984	6
3723	1984	16
3724	1984	26
3725	1984	13
3726	1983	5
3727	1983	12
3728	1983	15
3729	1985	3
3730	1986	20
3731	1985	22
3732	1986	6
3733	1987	3
3734	1987	16
3735	1988	2
3736	1988	10
3737	1989	2
3738	1989	14
3739	1990	1
3740	1990	9
3741	1991	1
3742	1991	9
3743	1992	3
3744	1992	16
3745	1993	11
3746	1993	4
3747	1994	2
3748	1994	10
3749	1995	2
3750	1995	10
3751	1996	2
3752	1996	7
3753	1997	20
3754	1997	2
3755	1998	2
3756	1998	14
3757	1998	17
3758	1999	8
3759	1999	18
3760	1999	32
3761	1999	46
3762	1999	27
3763	2001	25
3764	2000	32
3765	2000	46
3766	2001	15
3767	2001	8
3768	2001	34
3769	2000	8
3770	2000	18
3771	2000	27
3772	2002	1
3773	2002	9
3774	2003	1
3775	2003	10
3776	2004	18
3777	2005	3
3778	2005	20
3779	2005	9
3780	2005	17
3781	2004	5
3782	2004	12
3783	2004	15
3784	2006	2
3785	2006	7
3786	2007	8
3787	2007	2
3788	2008	28
3789	2009	17
3790	2011	10
3791	2010	3
3792	2010	16
3793	2011	4
3794	2012	4
3795	2012	13
3796	2014	6
3797	2014	29
3798	2014	24
3799	2014	16
3800	2013	2
3801	2013	14
3802	2013	17
3803	2015	3
3804	2015	22
3805	2016	2
3806	2017	4
3807	2017	13
3808	2018	4
3809	2018	9
3810	2019	2
3811	2019	7
3812	2020	12
3813	2020	2
3814	2021	2
3815	2021	10
3816	2022	2
3817	2022	11
3818	2023	2
3819	2023	7
3820	2024	3
3821	2025	3
3822	2026	2
3823	2026	10
3824	2028	10
3825	2027	4
3826	2027	13
3827	2028	4
3828	2030	6
3829	2030	22
3830	2030	14
3831	2030	17
3832	2029	2
3833	2029	14
3834	2029	17
3835	2031	22
3836	2032	20
3837	2032	9
3838	2032	24
3839	2032	15
3840	2031	3
3841	2031	12
3842	2031	17
3843	2033	32
3844	2033	46
3845	2034	15
3846	2034	5
3847	2034	47
3848	2033	8
3849	2033	18
3850	2034	31
3851	2033	27
3852	2035	3
3853	2035	12
3854	2035	17
3855	2035	22
3856	2036	5
3857	2036	12
3858	2036	18
3859	2036	15
3860	2038	2
3861	2038	16
3862	2038	24
3863	2038	19
3864	2037	2
3865	2037	14
3866	2037	17
3867	2039	28
3868	2040	3
3869	2040	16
3870	2041	11
3871	2042	18
3872	2043	5
3873	2043	15
3874	2043	18
3875	2043	12
3876	2042	5
3877	2042	12
3878	2042	15
3879	2044	15
3880	2045	7
3881	2046	9
3882	2047	19
3883	2047	14
3884	2046	20
3885	2048	3
3886	2049	10
3887	2050	3
3888	2051	3
3889	2052	1
3890	2052	10
3891	2052	13
3892	2053	3
3893	2054	11
3894	2055	11
3895	2056	11
3896	2057	9
3897	2058	27
3898	2058	16
3899	2058	30
3900	2057	20
3901	2060	11
3902	2060	14
3903	2059	1
3904	2059	10
3905	2059	13
3906	2060	5
3907	2062	7
3908	2062	24
3909	2062	12
3910	2061	13
3911	2061	18
3912	2061	20
3913	2064	12
3914	2064	26
3915	2063	1
3916	2063	10
3917	2063	13
3918	2064	1
3919	2065	3
3920	2066	15
3921	2067	6
3922	2067	15
3923	2068	2
3924	2069	3
3925	2070	3
3926	2071	3
3927	2072	15
3928	2073	16
3929	2074	6
3930	2074	15
3931	2075	11
3932	2077	7
3933	2077	26
3934	2077	13
3935	2076	13
3936	2076	18
3937	2076	20
3938	2078	1
3939	2079	1
3940	2080	9
3941	2080	20
3942	2081	11
3943	2082	1
3944	2083	5
3945	2084	4
3946	2084	11
3947	2084	15
3948	2085	3
3949	2086	5
3950	2087	3
3951	2088	3
3952	2090	8
3953	2090	26
3954	2090	19
3955	2089	13
3956	2089	18
3957	2089	20
3958	2091	1
3959	2092	3
3960	2093	9
3961	2094	3
3962	2096	18
3963	2095	15
3964	2096	1
3965	2096	8
3966	2096	14
3967	2095	4
3968	2095	11
3969	2097	3
3970	2099	3
3971	2100	3
3972	2101	9
3973	2102	11
3974	2103	12
3975	2104	6
3976	2104	15
3977	2106	1
3978	2107	13
3979	2108	11
3980	2109	8
3981	2110	20
3982	2110	13
3983	2110	18
3984	2111	15
3985	2112	1
3986	2112	15
3987	2112	7
3988	2111	4
3989	2111	11
3990	2112	34
3991	2113	9
3992	2114	2
3993	2114	12
3994	2115	9
3995	2116	2
3996	2117	15
3997	2118	17
3998	2120	10
3999	2120	13
4000	2119	1
4001	2119	10
4002	2119	13
4003	2120	3
4004	2121	9
4005	2122	2
4006	2122	12
4007	2123	9
4008	2124	17
4009	2124	14
4010	2124	23
4011	2123	20
4012	2125	15
4013	2126	6
4014	2126	12
4015	2126	15
4016	2125	4
4017	2125	11
4018	2127	6
4019	2127	15
4020	2128	19
4021	2129	6
4022	2129	22
4023	2129	15
4024	2129	12
4025	2128	6
4026	2128	11
4027	2128	14
4028	2131	4
4029	2130	4
4030	2131	12
4031	2130	12
4032	2132	2
4033	2133	25
4034	2132	18
4035	2133	2
4036	2136	18
4037	2136	28
4038	2137	23
4039	2137	15
4040	2137	19
4041	2138	1
4042	2138	11
4043	2138	24
4044	2139	3
4045	2140	6
4046	2142	6
4047	2141	3
4048	2141	16
4049	2143	19
4050	2144	3
4051	2144	14
4052	2144	17
4053	2144	9
4054	2144	25
4055	2143	6
4056	2143	11
4057	2143	14
4058	2145	2
4059	2145	18
4060	2146	27
4061	2147	21
4062	2147	31
4063	2147	26
4064	2146	7
4065	2146	14
4066	2147	7
4067	2148	33
4068	2148	10
4069	2148	21
4070	2148	31
4071	2149	33
4072	2150	45
4073	2150	13
4074	2150	25
4075	2149	10
4076	2149	21
4077	2149	31
4078	2150	31
4079	2151	3
4080	2151	10
4081	2152	3
4082	2153	2
4083	2154	7
4084	2155	3
4085	2156	6
4086	2158	14
4087	2158	21
4088	2158	26
4089	2157	18
4090	2157	28
4091	2158	11
4092	2159	33
4093	2160	41
4094	2160	33
4095	2160	39
4096	2160	18
4097	2159	10
4098	2159	21
4099	2159	31
4100	2161	3
4101	2161	10
4102	2162	2
4103	2162	11
4104	2164	3
4105	2164	16
4106	2165	27
4107	2165	23
4108	2166	31
4109	2166	7
4110	2165	7
4111	2165	14
4112	2167	2
4113	2168	7
4114	2170	8
4115	2169	3
4116	2170	19
4117	2169	16
4118	2172	8
4119	2171	3
4120	2171	16
4121	2172	17
4122	2173	1
4123	2173	11
4124	2174	7
4125	2173	24
4126	2174	1
4127	2175	3
4128	2175	10
4129	2176	6
4130	2177	18
4131	2177	28
4132	2178	25
4133	2178	14
4134	2178	19
4135	2179	2
4136	2179	18
4137	2180	2
4138	2183	3
4139	2183	10
4140	2184	5
4141	2184	8
4142	2185	1
4143	2185	11
4144	2186	1
4145	2185	24
4146	2186	25
4147	2187	4
4148	2187	12
4149	2188	2
4150	2189	4
4151	2190	18
4152	2190	28
4153	2192	5
4154	2191	4
4155	2192	12
4156	2191	12
4157	2193	27
4158	2193	7
4159	2193	23
4160	2193	14
4161	2196	19
4162	2197	7
4163	2197	21
4164	2197	13
4165	2197	24
4166	2196	6
4167	2196	11
4168	2196	14
4169	2198	27
4170	2199	11
4171	2198	23
4172	2199	27
4173	2199	7
4174	2199	18
4175	2198	7
4176	2198	14
4177	2199	24
4178	2200	19
4179	2200	6
4180	2200	11
4181	2200	14
4182	2201	2
4183	2202	25
4184	2201	18
4185	2202	2
4186	2203	3
4187	2204	8
4188	2205	2
4189	2207	1
4190	2207	11
4191	2207	24
4192	2206	1
4193	2206	11
4194	2206	24
4195	2208	33
4196	2209	24
4197	2209	47
4198	2209	42
4199	2208	10
4200	2208	21
4201	2208	31
4202	2211	4
4203	2210	4
4204	2210	12
4205	2211	13
4206	2212	31
4207	2212	10
4208	2213	11
4209	2212	19
4210	2213	26
4211	2214	7
4212	2214	9
4213	2215	3
4214	2216	12
4215	2215	10
4216	2216	3
4217	2217	1
4218	2217	14
4219	2218	2
4220	2218	14
4221	2220	3
4222	2219	2
4223	2220	17
4224	2219	12
4225	2219	26
4226	2221	31
4227	2221	10
4228	2222	7
4229	2221	19
4230	2222	25
4231	2223	5
4232	2224	1
4233	2225	2
4234	2226	32
4235	2227	2
4236	2227	16
4237	2227	13
4238	2226	2
4239	2226	13
4240	2226	16
4241	2228	7
4242	2229	13
4243	2228	9
4244	2229	5
4245	2230	2
4246	2231	5
4247	2232	2
4248	2232	13
4249	2232	32
4250	2232	16
4251	2233	5
4252	2234	3
4253	2235	3
4254	2236	12
4255	2235	10
4256	2236	3
4257	2237	31
4258	2237	10
4259	2237	19
4260	2238	32
4261	2239	15
4262	2239	2
4263	2238	2
4264	2238	13
4265	2238	16
4266	2240	7
4267	2241	3
4268	2241	10
4269	2242	3
4270	2242	23
4271	2243	32
4272	2244	2
4273	2244	27
4274	2244	37
4275	2244	13
4276	2243	2
4277	2243	13
4278	2243	16
4279	2245	31
4280	2245	10
4281	2246	12
4282	2245	19
4283	2246	28
4284	2247	7
4285	2248	6
4286	2249	5
4287	2250	2
4288	2250	16
4289	2251	7
4290	2252	7
4291	2253	2
4292	2254	7
4293	2253	12
4294	2254	3
4295	2253	26
4296	2255	3
4297	2255	23
4298	2256	31
4299	2256	3
4300	2257	7
4301	2258	1
4302	2259	1
4303	2260	3
4304	2260	23
4305	2261	23
4306	2261	3
4307	2262	2
4308	2262	12
4309	2262	26
4310	2263	7
4311	2264	9
4312	2265	2
4313	2266	5
4314	2268	9
4315	2267	3
4316	2267	10
4317	2268	1
4318	2269	5
4319	2270	2
4320	2270	15
4321	2271	7
4322	2272	9
4323	2271	9
4324	2272	7
4325	2273	7
4326	2274	7
4327	2275	3
4328	2275	23
4329	2276	29
4330	2277	2
4331	2278	11
4332	2277	12
4333	2278	3
4334	2277	26
4335	2279	1
4336	2279	14
4337	2280	2
4338	2280	8
4339	2281	1
4340	2282	7
4341	2283	8
4342	2284	1
4343	2284	14
4344	2285	7
4345	2286	13
4346	2285	9
4347	2286	5
4348	2287	7
4349	2288	9
4350	2289	2
4351	2290	1
4352	2291	2
4353	2292	2
4354	2293	2
4355	2294	1
4356	2294	14
4357	2295	2
4358	2295	16
4359	2296	4
4360	2297	10
4361	2296	7
4362	2297	7
4363	2298	4
4364	2299	6
4365	2299	16
4366	2299	22
4367	2300	6
4368	2301	6
4369	2302	11
4370	2303	10
4371	2304	1
4372	2304	22
4373	2304	32
4374	2304	10
4375	2304	27
4376	2306	14
4377	2305	7
4378	2305	19
4379	2306	4
4380	2307	2
4381	2307	7
4382	2308	7
4383	2309	5
4384	2309	21
4385	2310	6
4386	2310	1
4387	2312	9
4388	2311	4
4389	2311	7
4390	2312	6
4391	2313	7
4392	2313	19
4393	2314	4
4394	2314	7
4395	2316	1
4396	2316	6
4397	2316	22
4398	2315	5
4399	2315	7
4400	2315	21
4401	2317	21
4402	2317	5
4403	2318	6
4404	2319	6
4405	2321	21
4406	2320	4
4407	2321	10
4408	2322	2
4409	2322	6
4410	2322	19
4411	2322	27
4412	2324	7
4413	2324	11
4414	2324	28
4415	2324	15
4416	2324	21
4417	2323	6
4418	2323	16
4419	2323	22
4420	2325	2
4421	2325	7
4422	2326	7
4423	2328	24
4424	2327	2
4425	2327	6
4426	2327	19
4427	2327	27
4428	2328	16
4429	2329	7
4430	2329	19
4431	2330	5
4432	2332	7
4433	2331	5
4434	2331	21
4435	2332	22
4436	2332	2
4437	2334	9
4438	2333	4
4439	2333	7
4440	2334	6
4441	2335	5
4442	2335	21
4443	2337	6
4444	2336	21
4445	2337	19
4446	2336	5
4447	2338	5
4448	2340	19
4449	2339	4
4450	2340	7
4451	2341	11
4452	2342	11
4453	2343	4
4454	2344	6
4455	2345	5
4456	2346	10
4457	2348	21
4458	2348	14
4459	2348	33
4460	2347	21
4461	2347	5
4462	2348	11
4463	2350	23
4464	2349	4
4465	2350	10
4466	2352	23
4467	2351	2
4468	2351	6
4469	2351	19
4470	2351	27
4471	2352	8
4472	2353	5
4473	2354	7
4474	2356	10
4475	2355	6
4476	2355	16
4477	2356	22
4478	2355	22
4479	2358	11
4480	2357	7
4481	2357	19
4482	2358	18
4483	2358	5
4484	2360	15
4485	2359	6
4486	2359	16
4487	2360	22
4488	2359	22
4489	2361	11
4490	2362	10
4491	2363	2
4492	2363	7
4493	2365	6
4494	2364	21
4495	2364	5
4496	2365	16
4497	2365	27
4498	2367	21
4499	2366	22
4500	2367	32
4501	2366	32
4502	2367	1
4503	2366	1
4504	2366	10
4505	2366	27
4506	2368	2
4507	2368	7
4508	2369	3
4509	2371	21
4510	2370	2
4511	2370	6
4512	2370	19
4513	2370	27
4514	2371	14
4515	2373	19
4516	2372	22
4517	2373	10
4518	2372	32
4519	2373	1
4520	2373	32
4521	2372	1
4522	2372	10
4523	2372	27
4524	2374	6
4525	2375	5
4526	2376	5
4527	2377	5
4528	2378	22
4529	2379	10
4530	2378	32
4531	2379	36
4532	2379	1
4533	2379	31
4534	2379	19
4535	2378	1
4536	2378	10
4537	2378	27
4538	2380	3
4539	2380	16
4540	2381	19
4541	2381	6
4542	2382	4
4543	2382	14
4544	2383	1
4545	2384	16
4546	2385	17
4547	2386	2
4548	2388	17
4549	2389	16
4550	2390	1
4551	2391	3
4552	2392	1
4553	2392	17
4554	2393	1
4555	2394	1
4556	2396	26
4557	2396	32
4558	2395	5
4559	2395	23
4560	2395	30
4561	2396	9
4562	2397	12
4563	2398	4
4564	2399	2
4565	2400	12
4566	2402	32
4567	2402	47
4568	2401	5
4569	2401	23
4570	2401	30
4571	2402	24
4572	2403	5
4573	2404	4
4574	2406	18
4575	2405	1
4576	2405	17
4577	2406	1
4578	2407	1
4579	2407	5
4580	2407	11
4581	2408	12
4582	2409	3
4583	2409	16
4584	2410	1
4585	2410	5
4586	2411	1
4587	2410	11
4588	2418	12
4589	2419	1
4590	2420	2
4591	2421	17
4592	2422	17
4593	2423	3
4594	2423	16
4595	2424	20
4596	2424	6
4597	2425	5
4598	2426	7
4599	2427	1
4600	2429	19
4601	2428	1
4602	2428	17
4603	2429	1
4604	2430	1
4605	2431	12
4606	2432	10
4607	2433	2
4608	2434	13
4609	2435	1
4610	2435	5
4611	2436	22
4612	2435	11
4613	2437	1
4614	2437	17
4615	2438	1
4616	2439	5
4617	2439	23
4618	2439	30
4619	2440	5
4620	2441	5
4621	2442	5
4622	2444	6
4623	2443	4
4624	2444	10
4625	2443	14
4626	2444	23
4627	2446	5
4628	2445	4
4629	2446	8
4630	2445	14
4631	2447	1
4632	2448	1
4633	2450	1
4634	2449	4
4635	2450	7
4636	2449	14
4637	2450	9
4638	2452	3
4639	2453	19
4640	2452	16
4641	2453	7
4642	2454	1
4643	2455	1
4644	2457	28
4645	2456	17
4646	2457	20
4647	2459	28
4648	2459	33
4649	2458	5
4650	2458	23
4651	2458	30
4652	2459	14
4653	2460	1
4654	2461	3
4655	2462	1
4656	2462	5
4657	2463	1
4658	2462	11
4659	2464	2
4660	2465	2
4661	2465	4
4662	2466	2
4663	2467	2
4664	2467	4
4665	2468	9
4666	2469	10
4667	2469	6
4668	2471	9
4669	2470	6
4670	2470	8
4671	2471	11
4672	2470	27
4673	2473	8
4674	2472	6
4675	2472	8
4676	2473	10
4677	2472	27
4678	2474	2
4679	2475	8
4680	2476	2
4681	2477	6
4682	2478	12
4683	2479	13
4684	2480	9
4685	2481	2
4686	2482	30
4687	2482	38
4688	2482	19
4689	2483	2
4690	2484	3
4691	2484	6
4692	2485	42
4693	2486	8
4694	2486	17
4695	2486	14
4696	2486	45
4697	2485	11
4698	2485	22
4699	2487	6
4700	2487	8
4701	2487	27
4702	2488	7
4703	2489	10
4704	2488	10
4705	2489	7
4706	2490	3
4707	2491	12
4708	2492	12
4709	2493	2
4710	2494	4
4711	2496	19
4712	2495	30
4713	2496	30
4714	2495	38
4715	2495	19
4716	2497	11
4717	2497	22
4718	2497	42
4719	2498	3
4720	2499	3
4721	2500	7
4722	2501	9
4723	2502	7
4724	2504	9
4725	2503	7
4726	2503	10
4727	2504	7
4728	2505	13
4729	2506	13
4730	2507	16
4731	2507	8
4732	2508	6
4733	2508	21
4734	2509	7
4735	2510	11
4736	2511	7
4737	2513	11
4738	2514	10
4739	2514	13
4740	2513	22
4741	2513	42
4742	2515	13
4743	2516	15
4744	2517	3
4745	2518	4
4746	2520	4
4747	2519	6
4748	2520	14
4749	2519	21
4750	2520	20
4751	2521	13
4752	2522	4
4753	2523	30
4754	2524	23
4755	2523	38
4756	2523	19
4757	2524	26
4758	2525	11
4759	2526	7
4760	2526	14
4761	2525	22
4762	2525	42
4763	2528	2
4764	2527	6
4765	2528	5
4766	2527	21
4767	2528	23
4768	2529	30
4769	2530	25
4770	2529	38
4771	2529	19
4772	2531	12
4773	2533	5
4774	2532	6
4775	2533	8
4776	2532	21
4777	2533	21
4778	2534	7
4779	2534	10
4780	2535	9
4781	2536	8
4782	2537	7
4783	2538	10
4784	2537	10
4785	2538	7
4786	2539	2
4787	2540	3
4788	2541	4
4789	2543	8
4790	2542	6
4791	2542	8
4792	2543	11
4793	2542	27
4794	2544	12
4795	2545	5
4796	2546	7
4797	2547	7
4798	2549	6
4799	2549	12
4800	2549	23
4801	2548	7
4802	2548	14
4803	2548	25
4804	2551	14
4805	2550	4
4806	2550	11
4807	2551	5
4808	2552	15
4809	2553	13
4810	2555	6
4811	2554	9
4812	2555	14
4813	2554	12
4814	2555	16
4815	2557	8
4816	2557	34
4817	2557	24
4818	2557	17
4819	2556	1
4820	2556	19
4821	2558	1
4822	2558	19
4823	2560	1
4824	2560	3
4825	2560	9
4826	2560	19
4827	2559	1
4828	2559	3
4829	2559	7
4830	2559	29
4831	2562	18
4832	2561	9
4833	2561	21
4834	2562	26
4835	2564	11
4836	2563	9
4837	2563	12
4838	2564	18
4839	2566	1
4840	2566	3
4841	2566	10
4842	2566	38
4843	2565	1
4844	2565	3
4845	2565	7
4846	2565	29
4847	2568	1
4848	2567	1
4849	2567	19
4850	2568	19
4851	2569	1
4852	2570	1
4853	2572	14
4854	2572	31
4855	2572	7
4856	2572	42
4857	2571	11
4858	2571	26
4859	2571	49
4860	2573	4
4861	2573	11
4862	2574	9
4863	2574	12
4864	2575	9
4865	2575	21
4866	2577	7
4867	2577	15
4868	2577	32
4869	2577	50
4870	2576	11
4871	2576	26
4872	2576	49
4873	2578	15
4874	2579	15
4875	2581	63
4876	2581	10
4877	2581	36
4878	2581	19
4879	2580	11
4880	2580	26
4881	2580	49
4882	2586	1
4883	2587	15
4884	2588	17
4885	2589	11
4886	2589	26
4887	2589	49
4888	2590	1
4889	2591	1
4890	2593	11
4891	2592	9
4892	2592	12
4893	2593	20
4894	2595	6
4895	2595	23
4896	2595	13
4897	2594	7
4898	2594	14
4899	2594	25
4900	2596	4
4901	2596	11
4902	2597	5
4903	2599	7
4904	2599	17
4905	2599	13
4906	2598	7
4907	2598	14
4908	2598	25
4909	2600	25
4910	2600	7
4911	2600	14
4912	2602	9
4913	2601	9
4914	2601	21
4915	2602	22
4916	2603	4
4917	2603	11
4918	2604	5
4919	2604	13
4920	2605	15
4921	2608	1
4922	2608	3
4923	2608	8
4924	2608	15
4925	2607	1
4926	2607	3
4927	2607	7
4928	2607	29
4929	2609	1
4930	2609	3
4931	2609	7
4932	2609	29
4933	2611	8
4934	2611	44
4935	2611	18
4936	2611	33
4937	2610	1
4938	2610	19
4939	2615	12
4940	2614	9
4941	2614	21
4942	2615	19
4943	2616	1
4944	2617	1
4945	2618	2
4946	2618	12
4947	2619	2
4948	2619	16
4949	2620	2
4950	2621	1
4951	2621	11
4952	2622	2
4953	2623	4
4954	2624	9
4955	2625	4
4956	2626	10
4957	2627	2
4958	2627	12
4959	2628	2
4960	2629	12
4961	2629	28
4962	2630	12
4963	2629	61
4964	2630	62
4965	2631	4
4966	2632	4
4967	2633	12
4968	2633	28
4969	2633	61
4970	2634	2
4971	2636	13
4972	2636	40
4973	2636	62
4974	2635	12
4975	2635	28
4976	2635	61
4977	2638	1
4978	2639	1
4979	2640	2
4980	2640	11
4981	2642	12
4982	2641	8
4983	2641	10
4984	2642	10
4985	2643	2
4986	2644	1
4987	2645	1
4988	2645	5
4989	2646	2
4990	2646	12
4991	2647	2
4992	2649	26
4993	2648	0
4994	2648	31
4995	2649	0
4996	2650	1
4997	2651	8
4998	2651	10
4999	2652	2
5000	2653	1
5001	2654	1
5002	2655	1
5003	2656	2
5004	2656	11
5005	2657	16
5006	2657	1
5007	2658	2
5008	2658	11
5009	2659	14
5010	2659	2
5011	2661	12
5012	2660	2
5013	2661	1
5014	2662	0
5015	2662	31
5016	2663	1
5017	2664	15
5018	2663	5
5019	2664	6
5020	2664	1
5021	2665	1
5022	2666	15
5023	2665	5
5024	2666	4
5025	2666	1
5026	2667	2
5027	2667	12
5028	2669	9
5029	2669	1
5030	2669	19
5031	2668	1
5032	2668	18
5033	2668	25
5034	2670	4
5035	2672	9
5036	2672	1
5037	2672	20
5038	2671	1
5039	2671	18
5040	2671	25
5041	2675	2
5042	2676	1
5043	2677	0
5044	2677	31
5045	2678	0
5046	2678	7
5047	2680	7
5048	2679	2
5049	2679	11
5050	2680	2
5051	2681	1
5052	2681	5
5053	2682	6
5054	2682	1
5055	2685	25
5056	2685	1
5057	2685	18
5058	2686	0
5059	2686	31
5060	2687	2
5061	2687	6
5062	2689	27
5063	2689	9
5064	2688	1
5065	2688	18
5066	2688	25
5067	2689	15
5068	2690	1
5069	2691	1
5070	2692	8
5071	2693	11
5072	2692	10
5073	2693	9
5074	2694	2
5075	2695	11
5076	2695	1
5077	2696	8
5078	2697	14
5079	2696	10
5080	2697	2
5081	2699	12
5082	2699	27
5083	2699	47
5084	2698	12
5085	2698	28
5086	2698	61
5087	2702	10
5088	2702	26
5089	2703	12
5090	2704	4
5091	2705	26
5092	2706	30
5093	2706	9
5094	2705	14
5095	2705	17
5096	2705	21
5097	2707	6
5098	2708	18
5099	2709	19
5100	2710	11
5101	2711	22
5102	2710	20
5103	2711	13
5104	2712	18
5105	2713	11
5106	2714	25
5107	2713	20
5108	2714	14
5109	2715	11
5110	2715	20
5111	2716	19
5112	2716	13
5113	2717	18
5114	2718	10
5115	2721	6
5116	2722	12
5117	2723	3
5118	2724	4
5119	2725	3
5120	2726	7
5121	2728	7
5122	2727	4
5123	2727	15
5124	2728	18
5125	2727	19
5126	2729	10
5127	2730	31
5128	2729	26
5129	2730	10
5130	2731	10
5131	2732	21
5132	2731	26
5133	2732	17
5134	2733	3
5135	2734	3
5136	2735	5
5137	2736	4
5138	2736	16
5139	2737	18
5140	2738	17
5141	2739	12
5142	2740	4
5143	2740	16
5144	2741	5
5145	2741	17
5146	2743	6
5147	2743	13
5148	2743	20
5149	2742	4
5150	2742	15
5151	2742	19
5152	2744	3
5153	2745	5
5154	2746	6
5155	2747	10
5156	2748	3
5157	2749	5
5158	2750	4
5159	2750	15
5160	2750	19
5161	2751	1
5162	2751	10
5163	2751	18
5164	2752	4
5165	2752	16
5166	2753	8
5167	2753	20
5168	2753	5
5169	2754	3
5170	2757	26
5171	2758	30
5172	2758	1
5173	2758	27
5174	2757	14
5175	2757	17
5176	2757	21
5177	2759	12
5178	2760	1
5179	2761	26
5180	2761	14
5181	2761	17
5182	2761	21
5183	2763	1
5184	2763	14
5185	2763	31
5186	2762	1
5187	2762	10
5188	2762	18
5189	2765	16
5190	2765	21
5191	2765	6
5192	2764	4
5193	2764	15
5194	2764	19
5195	2766	11
5196	2766	20
5197	2767	26
5198	2768	28
5199	2768	8
5200	2768	32
5201	2767	14
5202	2767	17
5203	2767	21
5204	2769	12
5205	2770	9
5206	2772	6
5207	2773	12
5208	2775	1
5209	2775	13
5210	2775	24
5211	2775	32
5212	2774	1
5213	2774	10
5214	2774	18
5215	2776	3
5216	2777	5
5217	2780	1
5218	2780	10
5219	2781	24
5220	2781	1
5221	2780	18
5222	2782	10
5223	2783	22
5224	2782	26
5225	2783	11
5226	2784	4
5227	2784	16
5228	2785	9
5229	2785	22
5230	2786	2
5231	2787	2
5232	2789	19
5233	2788	15
5234	2789	9
5235	2790	6
5236	2791	6
5237	2792	7
5238	2793	8
5239	2794	15
5240	2795	18
5241	2795	8
5242	2796	2
5243	2797	2
5244	2798	2
5245	2799	2
5246	2800	13
5247	2801	5
5248	2802	18
5249	2802	4
5250	2801	12
5251	2804	3
5252	2804	7
5253	2804	9
5254	2804	15
5255	2803	1
5256	2803	12
5257	2803	14
5258	2803	18
5259	2804	18
5260	2805	2
5261	2805	10
5262	2805	27
5263	2805	14
5264	2805	24
5265	2807	10
5266	2807	13
5267	2808	12
5268	2809	1
5269	2809	11
5270	2809	16
5271	2810	7
5272	2811	9
5273	2812	24
5274	2812	27
5275	2813	10
5276	2813	25
5277	2813	32
5278	2812	2
5279	2812	10
5280	2812	14
5281	2813	15
5282	2814	1
5283	2815	1
5284	2816	2
5285	2818	1
5286	2818	12
5287	2818	21
5288	2817	1
5289	2817	11
5290	2817	16
5291	2820	4
5292	2820	20
5293	2820	6
5294	2820	9
5295	2820	15
5296	2819	1
5297	2819	12
5298	2819	14
5299	2819	18
5300	2821	13
5301	2822	10
5302	2823	24
5303	2823	27
5304	2824	2
5305	2824	20
5306	2824	24
5307	2823	2
5308	2823	10
5309	2823	14
5310	2824	15
5311	2825	6
5312	2826	6
5313	2827	2
5314	2828	3
5315	2829	13
5316	2830	10
5317	2831	6
5318	2833	12
5319	2832	10
5320	2832	13
5321	2833	10
5322	2835	1
5323	2835	15
5324	2835	20
5325	2834	1
5326	2834	11
5327	2834	16
5328	2837	4
5329	2837	15
5330	2837	6
5331	2837	9
5332	2837	13
5333	2836	1
5334	2836	12
5335	2836	14
5336	2836	18
5337	2838	7
5338	2839	10
5339	2839	13
5340	2840	15
5341	2841	1
5342	2841	12
5343	2841	18
5344	2841	14
5345	2842	1
5346	2843	10
5347	2843	13
5348	2844	24
5349	2844	11
5350	2845	2
5351	2846	3
5352	2847	7
5353	2848	8
5354	2849	5
5355	2850	12
5356	2850	4
5357	2849	12
5358	2851	15
5359	2852	19
5360	2852	8
5361	2853	2
5362	2854	1
5363	2855	1
5364	2856	1
5365	2857	1
5366	2858	5
5367	2858	12
5368	2859	2
5369	2859	10
5370	2859	27
5371	2859	14
5372	2859	24
5373	2860	2
5374	2861	1
5375	2863	1
5376	2863	12
5377	2863	17
5378	2862	1
5379	2862	11
5380	2862	16
5381	2864	6
5382	2865	6
5383	2866	13
5384	2867	10
5385	2868	5
5386	2869	18
5387	2869	4
5388	2868	12
5389	2870	5
5390	2871	15
5391	2872	19
5392	2872	1
5393	2872	12
5394	2873	12
5395	2874	9
5396	2876	1
5397	2876	23
5398	2876	7
5399	2875	1
5400	2875	12
5401	2875	19
5402	2877	2
5403	2877	18
5404	2878	3
5405	2878	21
5406	2879	9
5407	2879	22
5408	2880	22
5409	2880	16
5410	2880	7
5411	2881	0
5412	2881	13
5413	2882	16
5414	2882	7
5415	2884	1
5416	2884	13
5417	2884	22
5418	2883	1
5419	2883	12
5420	2883	19
5421	2885	14
5422	2886	24
5423	2885	19
5424	2887	5
5425	2888	48
5426	2889	29
5427	2889	14
5428	2889	23
5429	2889	51
5430	2888	14
5431	2888	16
5432	2890	5
5433	2891	17
5434	2892	0
5435	2893	10
5436	2893	15
5437	2892	13
5438	2893	2
5439	2894	5
5440	2895	16
5441	2896	6
5442	2897	6
5443	2898	6
5444	2898	11
5445	2899	18
5446	2899	9
5447	2900	7
5448	2901	11
5449	2901	4
5450	2902	7
5451	2903	12
5452	2903	4
5453	2904	7
5454	2905	13
5455	2905	2
5456	2906	8
5457	2907	7
5458	2908	12
5459	2909	13
5460	2910	8
5461	2912	16
5462	2911	2
5463	2911	18
5464	2912	2
5465	2913	0
5466	2914	8
5467	2913	13
5468	2914	16
5469	2914	0
5470	2915	14
5471	2916	12
5472	2916	17
5473	2915	19
5474	2917	6
5475	2917	11
5476	2918	19
5477	2918	1
5478	2919	14
5479	2920	14
5480	2920	22
5481	2919	19
5482	2921	0
5483	2921	13
5484	2922	6
5485	2922	11
5486	2923	21
5487	2923	10
5488	2924	8
5489	2925	12
5490	2926	48
5491	2927	30
5492	2927	3
5493	2927	20
5494	2926	14
5495	2926	16
5496	2928	6
5497	2929	5
5498	2930	9
5499	2930	22
5500	2931	2
5501	2931	18
5502	2932	6
5503	2932	11
5504	2933	6
5505	2934	8
5506	2935	7
5507	2936	9
5508	2936	22
5509	2937	8
5510	2937	13
5511	2939	1
5512	2939	20
5513	2938	1
5514	2938	12
5515	2938	19
5516	2939	13
5517	2940	48
5518	2941	26
5519	2941	6
5520	2941	55
5521	2941	33
5522	2940	14
5523	2940	16
5524	2941	22
5525	2942	12
5526	2943	48
5527	2943	14
5528	2943	16
5529	2945	21
5530	2944	2
5531	2944	18
5532	2945	2
5533	2946	7
5534	2947	14
5535	2947	19
5536	2948	6
5537	2949	6
5538	2951	18
5539	2950	9
5540	2950	22
5541	2951	7
5542	2952	12
5543	2953	7
