id	language	segment	number	version	length
236	de	05	02	02	29
163	en	02	02	02	14
265	de	00	01	01	8
815	en	03	09	00	12
584	de	08	03	01	16
377	de	06	05	00	16
761	en	00	02	00	27
171	en	02	08	01	13
594	de	08	06	01	59
1	en	05	05	00	16
400	de	03	04	00	30
190	en	02	02	03	16
556	de	08	06	00	63
797	en	03	00	02	43
349	de	06	09	03	15
273	de	00	11	00	11
302	de	01	10	00	6
77	en	01	09	03	37
170	en	02	04	02	19
486	de	09	02	01	13
167	en	02	02	01	15
406	de	03	00	03	12
554	de	08	06	02	64
289	de	01	05	03	15
649	de	02	00	02	5
844	de	11	05	00	24
151	en	02	02	00	15
771	en	00	09	03	6
724	de	10	06	00	24
19	en	05	09	01	26
75	en	01	00	03	18
209	de	05	11	02	11
261	de	00	02	00	13
840	de	11	09	02	20
299	de	01	01	00	42
158	en	02	07	03	19
140	en	04	09	02	10
546	de	11	01	03	46
855	de	11	09	03	20
560	de	08	04	02	10
356	de	06	02	03	40
639	de	04	02	01	8
46	en	05	00	01	18
568	de	08	07	00	15
833	en	03	07	01	48
516	de	09	11	01	25
31	en	05	04	02	12
365	de	06	06	00	28
478	de	07	08	02	16
165	en	02	09	03	69
503	de	09	05	02	19
635	de	04	06	02	11
192	de	05	05	01	8
831	en	03	04	01	48
413	de	03	07	00	12
115	en	04	11	00	19
699	de	10	05	01	25
677	de	02	05	03	26
173	en	02	05	00	18
418	de	03	03	03	17
58	en	01	08	01	12
581	de	08	11	01	12
128	en	04	01	03	7
747	en	00	06	03	19
318	de	01	04	01	3
559	de	08	11	00	11
800	en	03	10	03	55
595	de	08	11	03	11
319	de	01	00	02	13
149	en	02	00	03	31
539	de	11	02	03	26
586	de	08	11	02	12
630	de	04	01	00	35
343	de	06	03	01	19
479	de	07	07	01	19
422	de	03	09	02	12
207	de	05	00	00	20
575	de	08	01	03	17
26	en	05	10	01	3
782	en	00	00	02	22
596	de	04	07	00	28
641	de	04	10	01	33
391	de	03	06	02	16
329	de	01	07	00	22
678	de	02	06	03	5
793	en	03	02	00	7
696	de	10	04	03	24
74	en	01	02	02	29
511	de	09	00	03	9
135	en	04	06	03	7
425	de	03	02	01	35
647	de	02	11	03	10
651	de	02	02	00	15
845	de	11	07	02	61
211	de	05	09	02	15
732	de	10	08	00	14
657	de	02	11	02	11
176	en	02	10	00	17
410	de	03	11	03	29
197	de	05	03	01	28
466	de	07	02	00	38
256	de	00	00	02	18
679	de	02	11	01	11
850	de	11	08	02	22
492	de	09	06	03	47
783	en	00	08	03	15
694	de	10	08	02	11
5	en	05	03	02	4
672	de	02	11	00	9
6	en	05	06	01	22
742	en	00	05	03	31
739	de	10	08	03	14
592	de	08	05	02	15
386	de	03	08	00	28
215	de	05	07	02	47
809	en	03	10	02	50
114	en	04	03	01	30
824	en	03	01	01	39
251	de	00	09	00	8
337	de	06	08	00	15
285	de	00	06	01	25
17	en	05	11	03	20
781	en	00	11	03	20
394	de	03	01	00	21
84	en	01	05	01	14
602	de	04	04	00	20
132	en	04	00	02	25
627	de	04	09	03	11
796	en	03	10	01	51
731	de	10	07	03	58
654	de	02	07	01	36
707	de	10	10	01	20
65	en	01	06	01	13
247	de	00	06	03	32
325	de	01	08	00	33
225	de	05	10	01	22
123	en	04	00	00	24
320	de	01	02	01	29
645	de	02	03	02	21
64	en	01	10	03	53
245	de	00	05	03	13
518	de	09	09	00	14
25	en	05	01	02	9
728	de	10	11	02	13
446	de	07	05	02	20
222	de	05	02	03	31
280	de	00	11	03	15
21	en	05	02	00	31
553	de	08	10	01	12
572	de	08	03	02	17
374	de	06	05	01	19
436	de	07	09	01	12
774	en	00	02	03	28
175	en	02	08	00	15
237	de	05	06	00	30
417	de	03	04	01	26
656	de	02	04	00	18
598	de	04	01	01	33
810	en	03	00	03	44
708	de	10	03	01	13
331	de	01	10	03	10
90	en	01	09	02	35
497	de	09	02	02	13
601	de	04	05	02	24
335	de	01	05	02	16
448	de	07	00	00	14
854	de	11	05	01	29
751	en	00	09	00	4
729	de	10	06	01	29
442	de	07	00	01	12
37	en	05	09	00	22
61	en	01	00	00	18
105	en	04	04	03	6
216	de	05	11	03	12
246	de	00	02	03	13
462	de	07	00	02	12
480	de	09	08	02	6
116	en	04	04	02	6
106	en	04	09	03	10
454	de	07	00	03	12
336	de	06	02	02	36
473	de	07	04	00	5
100	en	04	04	01	6
613	de	04	02	00	6
205	de	05	01	03	28
593	de	08	07	01	20
274	de	00	02	02	14
646	de	02	09	01	9
817	en	03	07	00	52
519	de	09	11	02	23
4	en	05	04	03	15
434	de	07	08	03	18
665	de	02	09	02	9
494	de	09	05	01	19
193	de	05	05	00	9
821	en	03	04	02	53
822	en	03	03	03	27
118	en	04	11	03	20
693	de	10	05	00	22
698	de	10	02	02	18
169	en	02	05	01	15
63	en	01	03	01	17
715	de	10	02	03	18
430	de	03	03	02	14
186	en	02	07	00	13
680	de	02	01	01	21
249	de	00	07	02	26
719	de	10	02	00	15
785	en	00	06	02	19
157	en	02	11	03	8
704	de	10	02	01	21
474	de	07	03	03	21
590	de	08	04	01	10
307	de	01	00	03	13
187	en	02	00	02	28
528	de	11	02	02	26
779	en	00	04	03	21
447	de	07	07	00	19
811	en	03	10	00	63
250	de	00	08	03	29
220	de	05	00	01	21
668	de	02	09	00	9
564	de	08	01	00	13
35	en	05	10	00	3
756	en	00	00	01	23
348	de	06	07	03	31
206	de	05	04	02	29
631	de	04	10	02	33
426	de	03	06	03	14
296	de	01	07	03	27
644	de	02	06	02	4
330	de	01	09	03	28
829	en	03	02	01	6
469	de	07	10	03	25
93	en	01	02	03	32
495	de	09	00	00	5
97	en	04	06	02	3
470	de	07	10	02	18
778	en	00	07	00	8
716	de	10	00	01	24
181	en	02	03	02	5
846	de	11	07	03	65
472	de	07	10	01	21
226	de	05	09	01	16
253	de	00	10	01	13
183	en	02	10	01	15
385	de	03	11	00	22
234	de	05	03	00	24
185	en	02	01	00	30
441	de	07	02	01	46
240	de	00	00	01	18
174	en	02	03	00	6
145	en	02	03	01	5
7	en	05	06	02	22
475	de	07	06	02	5
754	en	00	05	00	40
419	de	03	08	01	26
120	en	04	03	02	27
798	en	03	01	00	35
272	de	00	09	01	8
345	de	06	08	03	15
767	en	00	03	00	26
847	de	11	09	00	15
508	de	09	03	01	10
784	en	00	11	02	17
420	de	03	01	03	20
81	en	01	05	00	14
636	de	04	09	00	8
759	en	00	03	02	31
702	de	10	07	02	53
726	de	10	10	00	15
52	en	01	06	02	12
60	en	01	01	03	12
328	de	01	08	01	37
227	de	05	10	00	19
96	en	04	07	00	2
380	de	06	11	00	10
333	de	01	02	02	27
648	de	02	03	03	20
178	en	02	06	03	8
54	en	01	10	02	44
254	de	00	05	00	12
47	en	05	01	01	9
577	de	08	10	00	15
284	de	00	11	02	15
30	en	05	02	01	33
525	de	09	10	01	29
571	de	08	03	03	19
339	de	06	05	02	16
455	de	07	09	00	11
777	en	00	02	02	28
162	en	02	08	03	13
198	de	05	06	01	30
812	en	03	05	01	14
403	de	03	04	02	27
565	de	08	10	02	13
670	de	02	04	03	22
548	de	08	10	03	19
787	en	00	10	00	31
294	de	01	10	02	8
50	en	01	09	01	32
582	de	08	08	01	8
86	en	01	04	02	28
485	de	09	02	03	15
603	de	04	05	03	27
119	en	04	00	03	23
324	de	01	05	01	15
674	de	02	03	00	17
550	de	08	05	00	13
852	de	11	05	02	25
755	en	00	09	01	4
344	de	06	10	02	34
79	en	01	00	01	20
849	de	11	09	01	22
69	en	01	11	00	13
102	en	04	04	00	5
491	de	09	08	03	8
154	en	02	07	01	15
136	en	04	09	00	11
567	de	08	04	00	8
341	de	06	02	01	35
453	de	07	04	01	8
609	de	04	02	03	10
239	de	05	01	02	25
287	de	00	10	00	17
562	de	08	07	02	18
566	de	08	00	03	28
684	de	02	10	02	9
512	de	09	11	03	22
10	en	05	04	00	15
618	de	04	11	01	25
683	de	02	10	03	9
520	de	09	05	00	18
807	en	03	04	03	54
818	en	03	03	02	21
676	de	02	10	00	9
143	en	04	11	02	19
730	de	10	05	03	23
309	de	01	11	00	19
357	de	06	00	01	18
177	en	02	05	02	15
92	en	01	03	00	13
482	de	09	01	03	12
659	de	02	10	01	9
675	de	02	08	00	20
825	en	03	08	01	25
414	de	03	03	01	15
691	de	02	01	02	21
98	en	04	01	01	6
685	de	02	01	00	20
32	en	05	08	03	21
405	de	03	10	03	25
457	de	07	03	02	23
101	en	04	05	02	17
301	de	01	00	00	12
258	de	00	07	01	28
41	en	05	07	01	6
706	de	10	01	01	9
130	en	04	01	00	6
139	en	04	02	01	38
727	de	10	01	00	8
248	de	00	08	02	26
266	de	00	07	03	28
806	en	03	06	03	14
723	de	10	01	03	7
585	de	08	01	01	15
33	en	05	10	03	3
836	de	11	06	03	16
752	en	00	00	00	30
510	de	09	04	02	18
642	de	04	07	02	31
196	de	05	04	03	29
621	de	04	08	03	12
638	de	04	10	03	34
423	de	03	06	00	18
124	en	04	10	00	9
327	de	01	07	02	28
650	de	02	06	01	4
87	en	01	07	01	29
290	de	01	09	02	28
689	de	02	09	03	8
303	de	01	03	01	9
500	de	09	00	01	7
842	de	11	06	00	13
279	de	00	04	03	36
749	en	00	07	01	8
700	de	10	00	02	26
12	en	05	08	02	21
848	de	11	07	00	51
229	de	05	09	00	15
179	en	02	11	02	9
416	de	03	11	01	31
195	de	05	03	03	32
180	en	02	01	01	33
252	de	00	00	00	17
587	de	08	02	00	27
147	en	02	11	01	9
27	en	05	06	03	25
38	en	05	08	01	15
471	de	07	06	03	6
408	de	03	05	01	33
768	en	00	05	01	31
421	de	03	08	02	26
267	de	00	03	00	14
122	en	04	03	03	30
808	en	03	01	03	44
378	de	06	08	02	15
764	en	00	01	02	26
262	de	00	03	01	15
501	de	09	03	00	13
517	de	09	07	01	34
390	de	03	01	02	16
323	de	01	06	00	30
537	de	11	04	01	6
640	de	04	09	01	13
490	de	09	07	00	40
750	en	00	08	02	14
276	de	00	03	03	15
76	en	01	06	03	17
66	en	01	01	02	12
498	de	09	07	03	39
212	de	05	10	03	22
142	en	04	07	01	3
563	de	08	08	03	7
314	de	01	02	03	28
514	de	09	07	02	34
144	en	02	06	02	7
121	en	04	08	03	15
268	de	00	05	01	11
569	de	08	08	02	8
230	de	05	08	02	12
839	de	11	08	01	24
540	de	11	02	01	25
43	en	05	01	00	11
264	de	00	01	02	7
557	de	08	08	00	8
529	de	11	03	01	19
39	en	05	02	02	35
493	de	09	10	00	29
11	en	05	05	03	16
383	de	06	05	03	18
463	de	07	09	03	15
153	en	02	08	02	12
573	de	08	05	03	16
219	de	05	06	02	30
801	en	03	05	00	12
427	de	03	04	03	24
353	de	06	09	00	12
688	de	02	04	02	19
737	de	10	01	02	8
161	en	02	04	01	19
549	de	08	05	01	15
775	en	00	10	01	28
395	de	03	00	00	10
57	en	01	09	00	31
78	en	01	04	03	29
666	de	02	00	01	6
633	de	04	05	00	22
260	de	00	06	00	22
321	de	01	05	00	17
721	de	10	11	03	14
838	de	11	05	03	29
355	de	06	10	03	39
306	de	01	01	03	47
55	en	01	11	01	13
531	de	11	01	00	37
523	de	09	08	00	7
127	en	04	09	01	10
620	de	04	03	01	7
28	en	05	00	02	18
350	de	06	02	00	33
452	de	07	04	02	8
467	de	07	11	02	16
614	de	04	03	02	7
608	de	04	02	02	7
217	de	05	01	01	27
148	en	02	03	03	6
591	de	08	07	03	15
458	de	07	11	03	18
583	de	08	00	02	35
373	de	06	06	03	23
622	de	04	03	03	7
762	en	00	03	01	30
168	en	02	09	00	63
468	de	07	11	00	15
14	en	05	04	01	11
278	de	00	07	00	27
615	de	04	11	00	24
429	de	03	07	03	11
673	de	02	05	00	24
445	de	07	11	01	13
834	en	03	03	01	22
695	de	10	05	02	26
295	de	01	11	01	19
70	en	01	08	02	14
155	en	02	05	03	16
82	en	01	03	03	16
502	de	09	01	02	10
830	en	03	06	02	17
409	de	03	03	00	13
326	de	01	04	02	2
652	de	02	01	03	21
369	de	06	07	02	30
29	en	05	08	00	21
396	de	03	10	02	24
790	en	03	08	00	32
432	de	07	03	01	21
104	en	04	05	03	17
342	de	06	07	00	31
315	de	01	00	01	14
541	de	11	02	00	27
22	en	05	07	00	9
381	de	06	03	02	17
358	de	06	07	01	32
786	en	00	04	02	23
712	de	10	08	01	15
412	de	03	09	01	11
113	en	04	02	00	38
283	de	00	08	01	25
827	en	03	06	00	14
20	en	05	10	02	3
624	de	04	10	00	26
612	de	04	07	01	31
505	de	09	04	03	18
611	de	04	07	03	33
202	de	05	04	00	24
607	de	04	08	02	14
402	de	03	06	01	17
138	en	04	10	01	9
725	de	10	04	00	20
682	de	02	06	00	6
89	en	01	07	00	33
317	de	01	09	01	27
428	de	03	02	02	35
332	de	01	03	00	6
690	de	02	02	03	12
286	de	00	04	02	32
766	en	00	07	02	7
718	de	10	00	03	25
841	de	11	07	01	60
789	en	03	11	00	22
558	de	08	06	03	64
826	en	03	09	01	14
499	de	09	06	00	44
232	de	05	03	02	30
191	en	02	01	02	31
3	en	05	03	01	4
589	de	08	02	03	29
352	de	06	04	00	10
201	de	05	07	01	49
461	de	07	06	00	6
397	de	03	05	00	24
401	de	03	08	03	32
794	en	03	01	02	40
8	en	05	11	00	17
765	en	00	01	03	24
507	de	09	03	03	13
600	de	04	04	03	22
316	de	01	06	01	26
664	de	02	07	02	27
543	de	11	04	00	4
748	en	00	08	01	14
733	de	10	07	00	50
94	en	01	01	01	12
218	de	05	10	02	20
112	en	04	07	02	2
555	de	08	09	03	17
487	de	09	09	03	15
681	de	02	03	01	21
150	en	02	06	01	8
107	en	04	08	02	15
224	de	05	08	03	11
465	de	07	05	01	22
213	de	05	02	00	26
243	de	00	01	03	9
44	en	05	02	03	36
484	de	09	10	03	32
0	en	05	05	02	16
443	de	07	09	02	14
634	de	04	01	02	34
199	de	05	06	03	28
819	en	03	05	03	14
799	en	03	00	00	39
663	de	02	02	02	12
338	de	06	09	01	15
156	en	02	04	00	20
626	de	04	03	00	7
757	en	00	10	02	26
393	de	03	00	01	12
736	de	10	00	00	25
68	en	01	04	00	31
660	de	02	00	00	5
604	de	04	05	01	26
110	en	04	00	01	24
738	de	10	06	02	25
713	de	10	11	00	14
34	en	05	09	03	25
200	de	05	11	00	11
347	de	06	10	00	35
334	de	01	01	02	49
72	en	01	11	02	14
534	de	11	01	01	40
133	en	04	05	00	16
481	de	09	08	01	6
362	de	06	00	00	18
18	en	05	00	03	18
451	de	07	04	03	8
376	de	06	00	03	21
235	de	05	01	00	24
257	de	00	10	02	13
802	en	03	07	03	49
588	de	08	00	01	34
340	de	06	06	02	19
459	de	07	08	00	16
359	de	06	00	02	19
189	en	02	09	01	64
617	de	04	06	00	14
203	de	05	05	03	7
625	de	04	11	03	28
398	de	03	07	02	12
655	de	02	05	01	23
813	en	03	03	00	27
313	de	01	11	02	20
88	en	01	08	03	14
71	en	01	03	02	17
521	de	09	01	01	11
741	en	00	06	01	19
291	de	01	04	03	2
853	de	11	06	02	15
820	en	03	11	01	21
172	en	02	11	00	7
392	de	03	10	01	23
816	en	03	09	03	14
166	en	02	00	01	29
449	de	07	03	00	18
259	de	00	03	02	13
579	de	08	09	00	16
722	de	10	07	01	50
9	en	05	07	03	6
363	de	06	03	03	19
464	de	07	07	03	24
770	en	00	04	01	24
580	de	08	02	01	26
411	de	03	09	00	13
210	de	05	00	02	22
109	en	04	02	03	38
535	de	11	03	02	21
244	de	00	08	00	26
843	de	11	08	00	21
366	de	06	04	01	11
795	en	03	06	01	13
538	de	11	03	03	19
837	de	11	08	03	22
504	de	09	04	00	16
542	de	11	03	00	17
223	de	05	04	01	24
637	de	04	08	01	14
835	en	03	02	02	7
141	en	04	10	02	9
734	de	10	04	01	23
56	en	01	07	03	32
53	en	01	02	00	28
297	de	01	09	00	22
129	en	04	06	01	6
431	de	03	02	03	38
311	de	01	03	03	9
552	de	08	09	01	19
270	de	00	04	01	32
758	en	00	07	03	8
184	en	02	10	02	17
477	de	07	02	02	47
509	de	09	06	01	39
152	en	02	01	03	37
42	en	05	03	00	4
578	de	08	02	02	25
371	de	06	04	03	9
214	de	05	07	00	48
440	de	07	06	01	6
415	de	03	05	03	35
792	en	03	09	02	12
255	de	00	09	02	7
632	de	04	00	03	31
2	en	05	11	01	18
780	en	00	11	01	19
769	en	00	01	00	25
95	en	01	05	03	15
527	de	09	03	02	12
619	de	04	00	02	30
605	de	04	04	02	24
803	en	03	11	02	18
292	de	01	06	02	24
658	de	02	07	03	34
610	de	04	00	01	31
547	de	11	04	03	6
310	de	01	08	02	42
744	en	00	08	00	14
814	en	03	11	03	20
623	de	04	00	00	29
382	de	06	11	03	10
59	en	01	01	00	12
91	en	01	10	01	50
111	en	04	07	03	2
496	de	09	09	02	14
182	en	02	06	00	7
137	en	04	08	01	13
221	de	05	08	00	15
439	de	07	05	00	19
597	de	04	06	01	12
231	de	05	02	01	27
281	de	00	11	01	14
269	de	00	01	00	8
561	de	08	03	00	13
746	en	00	02	01	30
483	de	09	10	02	32
36	en	05	05	01	16
628	de	04	01	03	33
828	en	03	05	02	13
788	en	03	00	01	41
705	de	10	09	01	30
368	de	06	09	02	16
304	de	01	10	01	8
188	en	02	04	03	20
489	de	09	02	00	11
701	de	10	09	00	27
753	en	00	10	03	35
384	de	03	00	02	13
51	en	01	04	01	27
687	de	02	00	03	8
703	de	10	09	03	30
241	de	00	06	02	29
772	en	00	09	02	4
697	de	10	06	03	24
711	de	10	11	01	13
692	de	10	09	02	29
16	en	05	09	02	26
67	en	01	00	02	21
194	de	05	11	01	11
277	de	00	02	01	14
351	de	06	10	01	34
300	de	01	01	01	47
164	en	02	07	02	15
73	en	01	11	03	19
530	de	11	01	02	44
570	de	08	04	03	10
616	de	04	04	01	27
15	en	05	00	00	18
275	de	00	10	03	13
361	de	06	01	02	33
791	en	03	07	02	48
506	de	09	11	00	23
574	de	08	00	00	33
360	de	06	06	01	20
438	de	07	08	01	16
776	en	00	03	03	33
146	en	02	09	02	70
522	de	09	05	03	19
629	de	04	06	03	8
228	de	05	05	02	8
804	en	03	04	00	50
643	de	04	11	02	27
387	de	03	07	01	12
125	en	04	11	01	18
669	de	02	05	02	24
720	de	10	10	03	23
662	de	02	08	01	22
312	de	01	11	03	22
85	en	01	08	00	13
488	de	09	01	00	11
134	en	04	01	02	6
760	en	00	06	00	20
308	de	01	04	00	2
823	en	03	08	02	27
851	de	11	06	01	15
433	de	07	10	00	16
544	de	11	00	01	38
407	de	03	10	00	24
160	en	02	00	00	19
103	en	04	05	01	19
23	en	05	07	02	6
375	de	06	03	00	15
450	de	07	07	02	19
763	en	00	04	00	24
456	de	07	01	01	25
388	de	03	09	03	12
238	de	05	00	03	23
108	en	04	02	02	38
576	de	08	01	02	17
435	de	07	01	00	19
740	en	00	00	03	25
661	de	02	04	01	23
476	de	07	01	03	30
288	de	01	07	01	25
513	de	09	04	01	15
599	de	04	08	00	11
437	de	07	01	02	23
832	en	03	02	03	7
131	en	04	10	03	9
714	de	10	04	02	19
367	de	06	11	01	10
48	en	01	07	02	30
80	en	01	02	01	30
524	de	09	00	02	8
117	en	04	06	00	8
389	de	03	02	00	34
322	de	01	03	02	6
667	de	02	02	01	12
263	de	00	04	00	30
208	de	05	09	03	16
551	de	08	09	02	18
805	en	03	08	03	30
653	de	02	08	03	20
159	en	02	10	03	16
399	de	03	11	02	31
545	de	11	00	00	32
444	de	07	02	03	50
282	de	00	00	03	19
671	de	02	08	02	20
710	de	10	03	03	16
515	de	09	06	02	42
533	de	11	00	03	41
40	en	05	03	03	4
45	en	05	06	00	28
379	de	06	04	02	11
709	de	10	03	02	15
745	en	00	05	02	29
532	de	11	00	02	37
233	de	05	07	03	49
126	en	04	03	00	23
424	de	03	05	02	29
271	de	00	09	03	8
370	de	06	08	01	15
735	de	10	03	00	9
354	de	06	01	00	25
24	en	05	11	02	16
773	en	00	11	00	20
404	de	03	01	01	16
743	en	00	01	01	24
49	en	01	05	02	13
364	de	06	01	01	34
606	de	04	09	02	14
305	de	01	06	03	27
686	de	02	07	00	30
717	de	10	10	02	21
83	en	01	06	00	14
536	de	11	04	02	6
298	de	01	08	03	40
372	de	06	01	03	31
346	de	06	11	02	10
293	de	01	02	00	28
62	en	01	10	00	51
242	de	00	05	02	12
526	de	09	09	01	16
99	en	04	08	00	15
13	en	05	01	03	10
204	de	05	08	01	11
460	de	07	05	03	21
